===============================================
 Max-Cut :: GRASP vs GA vs SA vs RW
 Instancias (bloques) : 20
 Series               : ['GRASP/GRASPc', 'GA/GAB', 'SA/SAB', 'RW/RWB']
 Corridas por serie   : [10, 10, 10, 10]
 Evaluaciones/corrida : 20000
 Referencia de calidad: opt/optimums.txt (optimo exacto)
===============================================
[MAXCUT] START 80 celdas (20 instancias x 4 series), 20000 evals

-------- instance ------ mc20_1  (n=20, totalWeight=1109.0)

---------------------- GRASP --- GRASPc

 Experiments to GRASP
 0
 1
 2
 3
 4
 5
 6
 7
 8
 9


:: Metaheuristic :: GRASP---GRASPc[20000]  
:: N. Experiment.:: 10
-----------------------------------
:: Better fitness :: 824.0
:: Average        :: 824.0
:: St. Deviation  :: 0.0
:: Better Solution in the experiment :: 1
:: N. Better Solution :: 10
 1.0 1.0 1.0 -1.0 -1.0 -1.0 1.0 -1.0 -1.0 1.0 -1.0 1.0 -1.0 -1.0 -1.0 -1.0 1.0 -1.0 1.0 1.0  ::: 824.0

 1.0 1.0 1.0 -1.0 -1.0 -1.0 1.0 -1.0 -1.0 1.0 -1.0 1.0 -1.0 -1.0 -1.0 -1.0 1.0 -1.0 1.0 1.0  ::: 824.0
 -1.0 -1.0 -1.0 1.0 1.0 1.0 -1.0 1.0 1.0 -1.0 1.0 -1.0 1.0 1.0 1.0 1.0 -1.0 1.0 -1.0 -1.0  ::: 824.0
 1.0 1.0 1.0 -1.0 -1.0 -1.0 1.0 -1.0 -1.0 1.0 -1.0 1.0 -1.0 -1.0 -1.0 -1.0 1.0 -1.0 1.0 1.0  ::: 824.0
 -1.0 -1.0 -1.0 1.0 1.0 1.0 -1.0 1.0 1.0 -1.0 1.0 -1.0 1.0 1.0 1.0 1.0 -1.0 1.0 -1.0 -1.0  ::: 824.0
 1.0 1.0 1.0 -1.0 -1.0 -1.0 1.0 -1.0 -1.0 1.0 -1.0 1.0 -1.0 -1.0 -1.0 -1.0 1.0 -1.0 1.0 1.0  ::: 824.0
 1.0 1.0 1.0 -1.0 -1.0 -1.0 1.0 -1.0 -1.0 1.0 -1.0 1.0 -1.0 -1.0 -1.0 -1.0 1.0 -1.0 1.0 1.0  ::: 824.0
 -1.0 -1.0 -1.0 1.0 1.0 1.0 -1.0 1.0 1.0 -1.0 1.0 -1.0 1.0 1.0 1.0 1.0 -1.0 1.0 -1.0 -1.0  ::: 824.0
 -1.0 -1.0 -1.0 1.0 1.0 1.0 -1.0 1.0 1.0 -1.0 1.0 -1.0 1.0 1.0 1.0 1.0 -1.0 1.0 -1.0 -1.0  ::: 824.0
 1.0 1.0 1.0 -1.0 -1.0 -1.0 1.0 -1.0 -1.0 1.0 -1.0 1.0 -1.0 -1.0 -1.0 -1.0 1.0 -1.0 1.0 1.0  ::: 824.0
 1.0 1.0 1.0 -1.0 -1.0 -1.0 1.0 -1.0 -1.0 1.0 -1.0 1.0 -1.0 -1.0 -1.0 -1.0 1.0 -1.0 1.0 1.0  ::: 824.0
[MAXCUT] CELL 1/80 mc20_1 GRASP/GRASPc best=824 mean=824.0 gap=0.00% | elapsed 0:00:07 | ETA 0:09:54

---------------------- GA --- GAB

 Experiments to GA
 0
 1
 2
 3
 4
 5
 6
 7
 8
 9


:: Metaheuristic :: GA---GAB[20000]  
:: N. Experiment.:: 10
-----------------------------------
:: Better fitness :: 824.0
:: Average        :: 824.0
:: St. Deviation  :: 0.0
:: Better Solution in the experiment :: 1
:: N. Better Solution :: 10
 1.0 1.0 1.0 -1.0 -1.0 -1.0 1.0 -1.0 -1.0 1.0 -1.0 1.0 -1.0 -1.0 -1.0 -1.0 1.0 -1.0 1.0 1.0  ::: 824.0

 1.0 1.0 1.0 -1.0 -1.0 -1.0 1.0 -1.0 -1.0 1.0 -1.0 1.0 -1.0 -1.0 -1.0 -1.0 1.0 -1.0 1.0 1.0  ::: 824.0
 -1.0 -1.0 -1.0 1.0 1.0 1.0 -1.0 1.0 1.0 -1.0 1.0 -1.0 1.0 1.0 1.0 1.0 -1.0 1.0 -1.0 -1.0  ::: 824.0
 -1.0 -1.0 -1.0 1.0 1.0 1.0 -1.0 1.0 1.0 -1.0 1.0 -1.0 1.0 1.0 1.0 1.0 -1.0 1.0 -1.0 -1.0  ::: 824.0
 -1.0 -1.0 -1.0 1.0 1.0 1.0 -1.0 1.0 1.0 -1.0 1.0 -1.0 1.0 1.0 1.0 1.0 -1.0 1.0 -1.0 -1.0  ::: 824.0
 1.0 1.0 1.0 -1.0 -1.0 -1.0 1.0 -1.0 -1.0 1.0 -1.0 1.0 -1.0 -1.0 -1.0 -1.0 1.0 -1.0 1.0 1.0  ::: 824.0
 -1.0 -1.0 -1.0 1.0 1.0 1.0 -1.0 1.0 1.0 -1.0 1.0 -1.0 1.0 1.0 1.0 1.0 -1.0 1.0 -1.0 -1.0  ::: 824.0
 -1.0 -1.0 -1.0 1.0 1.0 1.0 -1.0 1.0 1.0 -1.0 1.0 -1.0 1.0 1.0 1.0 1.0 -1.0 1.0 -1.0 -1.0  ::: 824.0
 1.0 1.0 1.0 -1.0 -1.0 -1.0 1.0 -1.0 -1.0 1.0 -1.0 1.0 -1.0 -1.0 -1.0 -1.0 1.0 -1.0 1.0 1.0  ::: 824.0
 1.0 1.0 1.0 -1.0 -1.0 -1.0 1.0 -1.0 -1.0 1.0 -1.0 1.0 -1.0 -1.0 -1.0 -1.0 1.0 -1.0 1.0 1.0  ::: 824.0
 1.0 1.0 1.0 -1.0 -1.0 -1.0 1.0 -1.0 -1.0 1.0 -1.0 1.0 -1.0 -1.0 -1.0 -1.0 1.0 -1.0 1.0 1.0  ::: 824.0
[MAXCUT] CELL 2/80 mc20_1 GA/GAB best=824 mean=824.0 gap=0.00% | elapsed 0:00:57 | ETA 0:37:19

---------------------- SA --- SAB

 Experiments to SA
 0
 1
 2
 3
 4
 5
 6
 7
 8
 9


:: Metaheuristic :: SA---SAB[20000]  
:: N. Experiment.:: 10
-----------------------------------
:: Better fitness :: 819.0
:: Average        :: 793.2
:: St. Deviation  :: 16.904
:: Better Solution in the experiment :: 8
:: N. Better Solution :: 1
 -1.0 -1.0 -1.0 1.0 1.0 1.0 1.0 -1.0 1.0 -1.0 1.0 -1.0 1.0 1.0 1.0 1.0 -1.0 1.0 -1.0 -1.0  ::: 819.0

 -1.0 -1.0 -1.0 1.0 1.0 1.0 1.0 -1.0 1.0 -1.0 1.0 -1.0 1.0 1.0 1.0 -1.0 -1.0 1.0 -1.0 -1.0  ::: 783.0
 -1.0 -1.0 -1.0 1.0 1.0 1.0 -1.0 -1.0 1.0 -1.0 1.0 -1.0 1.0 1.0 1.0 1.0 -1.0 1.0 -1.0 -1.0  ::: 817.0
 -1.0 -1.0 -1.0 1.0 1.0 1.0 -1.0 1.0 1.0 -1.0 -1.0 -1.0 1.0 1.0 1.0 1.0 -1.0 -1.0 -1.0 -1.0  ::: 800.0
 1.0 1.0 -1.0 -1.0 -1.0 1.0 -1.0 1.0 -1.0 1.0 -1.0 1.0 -1.0 -1.0 -1.0 -1.0 -1.0 -1.0 1.0 1.0  ::: 766.0
 1.0 1.0 1.0 -1.0 1.0 -1.0 -1.0 1.0 -1.0 1.0 -1.0 1.0 -1.0 -1.0 -1.0 -1.0 -1.0 1.0 1.0 1.0  ::: 776.0
 -1.0 1.0 -1.0 1.0 1.0 1.0 1.0 -1.0 1.0 -1.0 1.0 -1.0 1.0 1.0 1.0 1.0 -1.0 -1.0 -1.0 -1.0  ::: 780.0
 1.0 -1.0 1.0 -1.0 1.0 1.0 -1.0 1.0 -1.0 1.0 -1.0 1.0 -1.0 -1.0 -1.0 -1.0 -1.0 1.0 1.0 1.0  ::: 786.0
 -1.0 -1.0 -1.0 1.0 1.0 1.0 1.0 -1.0 1.0 -1.0 1.0 -1.0 1.0 1.0 1.0 1.0 -1.0 1.0 -1.0 -1.0  ::: 819.0
 1.0 1.0 1.0 -1.0 -1.0 1.0 -1.0 -1.0 -1.0 1.0 1.0 1.0 -1.0 -1.0 -1.0 -1.0 1.0 -1.0 1.0 1.0  ::: 807.0
 1.0 1.0 1.0 -1.0 -1.0 -1.0 1.0 1.0 -1.0 1.0 -1.0 1.0 -1.0 -1.0 -1.0 -1.0 1.0 1.0 1.0 1.0  ::: 798.0
[MAXCUT] CELL 3/80 mc20_1 SA/SAB best=819 mean=793.2 gap=3.74% | elapsed 0:01:01 | ETA 0:26:22

---------------------- RW --- RWB

 Experiments to RW
 0
............ 1.0 -1.0 1.0 1.0 -1.0 -1.0 1.0 1.0 -1.0 -1.0 1.0 -1.0 -1.0 1.0 1.0 -1.0 -1.0 -1.0 -1.0 1.0  ::: 599.0
 1
............ 1.0 -1.0 -1.0 -1.0 -1.0 1.0 -1.0 -1.0 -1.0 -1.0 -1.0 1.0 -1.0 -1.0 -1.0 1.0 1.0 -1.0 -1.0 1.0  ::: 540.0
 2
............ -1.0 1.0 1.0 -1.0 1.0 -1.0 -1.0 -1.0 1.0 -1.0 -1.0 -1.0 -1.0 -1.0 -1.0 1.0 -1.0 1.0 1.0 -1.0  ::: 493.0
 3
............ -1.0 1.0 1.0 1.0 -1.0 -1.0 -1.0 1.0 -1.0 -1.0 -1.0 -1.0 -1.0 1.0 1.0 -1.0 1.0 1.0 -1.0 1.0  ::: 542.0
 4
............ 1.0 -1.0 -1.0 1.0 1.0 1.0 1.0 1.0 -1.0 -1.0 -1.0 1.0 -1.0 -1.0 1.0 -1.0 1.0 1.0 -1.0 1.0  ::: 508.0
 5
............ -1.0 1.0 1.0 -1.0 1.0 1.0 -1.0 -1.0 1.0 -1.0 -1.0 -1.0 1.0 -1.0 1.0 1.0 -1.0 1.0 1.0 1.0  ::: 563.0
 6
............ 1.0 -1.0 1.0 -1.0 -1.0 1.0 1.0 1.0 1.0 -1.0 1.0 1.0 -1.0 1.0 -1.0 -1.0 1.0 -1.0 1.0 -1.0  ::: 509.0
 7
............ -1.0 1.0 -1.0 1.0 1.0 1.0 -1.0 1.0 1.0 1.0 -1.0 -1.0 -1.0 -1.0 -1.0 1.0 -1.0 1.0 -1.0 -1.0  ::: 634.0
 8
............ -1.0 -1.0 1.0 -1.0 1.0 -1.0 1.0 -1.0 1.0 1.0 -1.0 1.0 1.0 -1.0 -1.0 1.0 -1.0 1.0 1.0 -1.0  ::: 548.0
 9
............ 1.0 -1.0 1.0 -1.0 1.0 -1.0 1.0 1.0 1.0 -1.0 -1.0 -1.0 1.0 1.0 -1.0 -1.0 1.0 1.0 1.0 1.0  ::: 634.0


:: Metaheuristic :: RW---RWB[20000]  
:: N. Experiment.:: 10
-----------------------------------
:: Better fitness :: 819.0
:: Average        :: 792.4
:: St. Deviation  :: 15.66
:: Better Solution in the experiment :: 1
:: N. Better Solution :: 2
 1.0 1.0 1.0 -1.0 -1.0 -1.0 1.0 -1.0 -1.0 1.0 1.0 1.0 -1.0 -1.0 -1.0 -1.0 1.0 -1.0 1.0 1.0  ::: 819.0

 1.0 1.0 1.0 -1.0 -1.0 -1.0 1.0 -1.0 -1.0 1.0 1.0 1.0 -1.0 -1.0 -1.0 -1.0 1.0 -1.0 1.0 1.0  ::: 819.0
 -1.0 -1.0 -1.0 1.0 1.0 1.0 -1.0 -1.0 1.0 -1.0 1.0 -1.0 1.0 1.0 1.0 1.0 1.0 1.0 -1.0 -1.0  ::: 804.0
 -1.0 -1.0 -1.0 1.0 1.0 1.0 1.0 -1.0 1.0 -1.0 1.0 -1.0 1.0 1.0 1.0 1.0 1.0 -1.0 -1.0 -1.0  ::: 787.0
 1.0 1.0 1.0 -1.0 -1.0 -1.0 1.0 -1.0 -1.0 1.0 -1.0 1.0 -1.0 -1.0 -1.0 1.0 1.0 -1.0 1.0 1.0  ::: 788.0
 1.0 1.0 1.0 -1.0 -1.0 -1.0 -1.0 -1.0 -1.0 1.0 1.0 1.0 -1.0 -1.0 -1.0 -1.0 1.0 -1.0 1.0 1.0  ::: 819.0
 -1.0 -1.0 -1.0 1.0 1.0 -1.0 1.0 1.0 1.0 -1.0 -1.0 -1.0 1.0 1.0 1.0 1.0 -1.0 -1.0 -1.0 -1.0  ::: 788.0
 -1.0 -1.0 -1.0 1.0 1.0 -1.0 1.0 -1.0 1.0 -1.0 1.0 -1.0 1.0 1.0 1.0 1.0 1.0 -1.0 -1.0 -1.0  ::: 783.0
 -1.0 1.0 -1.0 1.0 -1.0 -1.0 1.0 -1.0 1.0 -1.0 1.0 -1.0 1.0 1.0 1.0 1.0 1.0 1.0 -1.0 -1.0  ::: 779.0
 -1.0 1.0 -1.0 1.0 -1.0 1.0 1.0 -1.0 1.0 -1.0 1.0 -1.0 1.0 1.0 1.0 1.0 1.0 1.0 -1.0 -1.0  ::: 769.0
 -1.0 -1.0 -1.0 1.0 1.0 1.0 -1.0 1.0 1.0 -1.0 1.0 -1.0 1.0 1.0 1.0 -1.0 -1.0 1.0 -1.0 -1.0  ::: 788.0
[MAXCUT] CELL 4/80 mc20_1 RW/RWB best=819 mean=792.4 gap=3.83% | elapsed 0:01:07 | ETA 0:21:18

-------- instance ------ mc20_2  (n=20, totalWeight=878.0)

---------------------- GRASP --- GRASPc

 Experiments to GRASP
 0
 1
 2
 3
 4
 5
 6
 7
 8
 9


:: Metaheuristic :: GRASP---GRASPc[20000]  
:: N. Experiment.:: 10
-----------------------------------
:: Better fitness :: 627.0
:: Average        :: 627.0
:: St. Deviation  :: 0.0
:: Better Solution in the experiment :: 1
:: N. Better Solution :: 10
 -1.0 -1.0 -1.0 1.0 1.0 -1.0 1.0 -1.0 -1.0 1.0 1.0 1.0 -1.0 -1.0 -1.0 1.0 1.0 1.0 1.0 -1.0  ::: 627.0

 -1.0 -1.0 -1.0 1.0 1.0 -1.0 1.0 -1.0 -1.0 1.0 1.0 1.0 -1.0 -1.0 -1.0 1.0 1.0 1.0 1.0 -1.0  ::: 627.0
 -1.0 -1.0 -1.0 1.0 1.0 -1.0 1.0 -1.0 -1.0 1.0 1.0 1.0 -1.0 -1.0 -1.0 1.0 1.0 1.0 1.0 -1.0  ::: 627.0
 -1.0 -1.0 -1.0 1.0 1.0 -1.0 1.0 -1.0 -1.0 1.0 1.0 1.0 -1.0 -1.0 -1.0 1.0 1.0 1.0 1.0 -1.0  ::: 627.0
 1.0 1.0 1.0 -1.0 -1.0 1.0 -1.0 1.0 1.0 -1.0 -1.0 -1.0 1.0 1.0 1.0 -1.0 -1.0 -1.0 -1.0 1.0  ::: 627.0
 -1.0 -1.0 -1.0 1.0 1.0 -1.0 1.0 -1.0 -1.0 1.0 1.0 1.0 -1.0 -1.0 -1.0 1.0 1.0 1.0 1.0 -1.0  ::: 627.0
 1.0 1.0 1.0 -1.0 -1.0 1.0 -1.0 1.0 1.0 -1.0 -1.0 -1.0 1.0 1.0 1.0 -1.0 -1.0 -1.0 -1.0 1.0  ::: 627.0
 -1.0 -1.0 -1.0 1.0 1.0 -1.0 1.0 -1.0 -1.0 1.0 1.0 1.0 -1.0 -1.0 -1.0 1.0 1.0 1.0 1.0 -1.0  ::: 627.0
 1.0 1.0 1.0 -1.0 -1.0 1.0 -1.0 1.0 1.0 -1.0 -1.0 -1.0 1.0 1.0 1.0 -1.0 -1.0 -1.0 -1.0 1.0  ::: 627.0
 1.0 1.0 1.0 -1.0 -1.0 1.0 -1.0 1.0 1.0 -1.0 -1.0 -1.0 1.0 1.0 1.0 -1.0 -1.0 -1.0 -1.0 1.0  ::: 627.0
 1.0 1.0 1.0 -1.0 -1.0 1.0 -1.0 1.0 1.0 -1.0 -1.0 -1.0 1.0 1.0 1.0 -1.0 -1.0 -1.0 -1.0 1.0  ::: 627.0
[MAXCUT] CELL 5/80 mc20_2 GRASP/GRASPc best=627 mean=627.0 gap=0.00% | elapsed 0:01:14 | ETA 0:18:37

---------------------- GA --- GAB

 Experiments to GA
 0
 1
 2
 3
 4
 5
 6
 7
 8
 9


:: Metaheuristic :: GA---GAB[20000]  
:: N. Experiment.:: 10
-----------------------------------
:: Better fitness :: 627.0
:: Average        :: 620.8
:: St. Deviation  :: 14.098
:: Better Solution in the experiment :: 1
:: N. Better Solution :: 8
 -1.0 -1.0 -1.0 1.0 1.0 -1.0 1.0 -1.0 -1.0 1.0 1.0 1.0 -1.0 -1.0 -1.0 1.0 1.0 1.0 1.0 -1.0  ::: 627.0

 -1.0 -1.0 -1.0 1.0 1.0 -1.0 1.0 -1.0 -1.0 1.0 1.0 1.0 -1.0 -1.0 -1.0 1.0 1.0 1.0 1.0 -1.0  ::: 627.0
 -1.0 -1.0 -1.0 1.0 1.0 -1.0 1.0 -1.0 -1.0 1.0 1.0 1.0 -1.0 -1.0 -1.0 1.0 1.0 1.0 1.0 -1.0  ::: 627.0
 -1.0 -1.0 -1.0 1.0 1.0 -1.0 1.0 -1.0 -1.0 1.0 1.0 1.0 -1.0 -1.0 -1.0 1.0 1.0 1.0 1.0 -1.0  ::: 627.0
 1.0 1.0 1.0 -1.0 -1.0 1.0 -1.0 1.0 1.0 -1.0 -1.0 -1.0 1.0 1.0 1.0 -1.0 -1.0 -1.0 -1.0 1.0  ::: 627.0
 1.0 1.0 1.0 -1.0 1.0 1.0 -1.0 1.0 -1.0 -1.0 -1.0 1.0 1.0 1.0 -1.0 -1.0 1.0 -1.0 -1.0 1.0  ::: 581.0
 1.0 1.0 1.0 -1.0 -1.0 1.0 -1.0 1.0 1.0 -1.0 -1.0 -1.0 1.0 1.0 1.0 -1.0 -1.0 -1.0 -1.0 1.0  ::: 627.0
 -1.0 -1.0 -1.0 1.0 1.0 -1.0 1.0 -1.0 -1.0 1.0 1.0 1.0 -1.0 -1.0 -1.0 1.0 1.0 1.0 1.0 -1.0  ::: 627.0
 -1.0 1.0 1.0 -1.0 -1.0 -1.0 1.0 -1.0 -1.0 1.0 1.0 -1.0 -1.0 1.0 -1.0 1.0 1.0 1.0 -1.0 -1.0  ::: 611.0
 -1.0 -1.0 -1.0 1.0 1.0 -1.0 1.0 -1.0 -1.0 1.0 1.0 1.0 -1.0 -1.0 -1.0 1.0 1.0 1.0 1.0 -1.0  ::: 627.0
 1.0 1.0 1.0 -1.0 -1.0 1.0 -1.0 1.0 1.0 -1.0 -1.0 -1.0 1.0 1.0 1.0 -1.0 -1.0 -1.0 -1.0 1.0  ::: 627.0
[MAXCUT] CELL 6/80 mc20_2 GA/GAB best=627 mean=620.8 gap=0.99% | elapsed 0:01:45 | ETA 0:21:37

---------------------- SA --- SAB

 Experiments to SA
 0
 1
 2
 3
 4
 5
 6
 7
 8
 9


:: Metaheuristic :: SA---SAB[20000]  
:: N. Experiment.:: 10
-----------------------------------
:: Better fitness :: 627.0
:: Average        :: 605.3
:: St. Deviation  :: 9.456
:: Better Solution in the experiment :: 10
:: N. Better Solution :: 1
 1.0 1.0 1.0 -1.0 -1.0 1.0 -1.0 1.0 1.0 -1.0 -1.0 -1.0 1.0 1.0 1.0 -1.0 -1.0 -1.0 -1.0 1.0  ::: 627.0

 1.0 1.0 -1.0 -1.0 -1.0 1.0 -1.0 -1.0 1.0 -1.0 -1.0 -1.0 1.0 1.0 1.0 -1.0 -1.0 1.0 1.0 1.0  ::: 607.0
 1.0 -1.0 -1.0 1.0 -1.0 1.0 -1.0 1.0 1.0 -1.0 -1.0 -1.0 1.0 1.0 1.0 1.0 -1.0 1.0 -1.0 1.0  ::: 602.0
 -1.0 1.0 -1.0 -1.0 1.0 -1.0 1.0 -1.0 -1.0 1.0 1.0 1.0 -1.0 -1.0 -1.0 -1.0 1.0 -1.0 1.0 -1.0  ::: 589.0
 1.0 -1.0 1.0 -1.0 1.0 -1.0 1.0 1.0 -1.0 1.0 -1.0 1.0 -1.0 -1.0 -1.0 1.0 1.0 1.0 -1.0 -1.0  ::: 598.0
 -1.0 1.0 -1.0 1.0 -1.0 1.0 1.0 -1.0 -1.0 1.0 1.0 1.0 -1.0 -1.0 1.0 -1.0 1.0 1.0 1.0 -1.0  ::: 599.0
 1.0 1.0 -1.0 -1.0 -1.0 1.0 -1.0 -1.0 1.0 -1.0 -1.0 -1.0 1.0 1.0 1.0 -1.0 1.0 -1.0 1.0 1.0  ::: 609.0
 -1.0 1.0 -1.0 -1.0 -1.0 1.0 -1.0 1.0 1.0 -1.0 1.0 -1.0 1.0 1.0 -1.0 -1.0 1.0 1.0 -1.0 1.0  ::: 604.0
 1.0 1.0 -1.0 1.0 -1.0 1.0 -1.0 -1.0 1.0 1.0 -1.0 1.0 1.0 -1.0 1.0 -1.0 -1.0 -1.0 1.0 1.0  ::: 607.0
 1.0 1.0 -1.0 -1.0 -1.0 1.0 -1.0 -1.0 1.0 -1.0 -1.0 -1.0 1.0 1.0 1.0 -1.0 -1.0 -1.0 1.0 1.0  ::: 611.0
 1.0 1.0 1.0 -1.0 -1.0 1.0 -1.0 1.0 1.0 -1.0 -1.0 -1.0 1.0 1.0 1.0 -1.0 -1.0 -1.0 -1.0 1.0  ::: 627.0
[MAXCUT] CELL 7/80 mc20_2 SA/SAB best=627 mean=605.3 gap=3.46% | elapsed 0:01:49 | ETA 0:19:02

---------------------- RW --- RWB

 Experiments to RW
 0
............ 1.0 -1.0 -1.0 1.0 1.0 -1.0 -1.0 1.0 -1.0 1.0 -1.0 1.0 1.0 -1.0 -1.0 1.0 1.0 1.0 1.0 1.0  ::: 504.0
 1
............ -1.0 1.0 1.0 -1.0 -1.0 1.0 1.0 1.0 1.0 -1.0 1.0 -1.0 1.0 -1.0 -1.0 -1.0 1.0 1.0 -1.0 1.0  ::: 450.0
 2
............ -1.0 -1.0 1.0 1.0 1.0 1.0 1.0 1.0 -1.0 -1.0 -1.0 -1.0 1.0 1.0 1.0 -1.0 1.0 -1.0 1.0 1.0  ::: 409.0
 3
............ 1.0 -1.0 1.0 -1.0 -1.0 1.0 -1.0 1.0 1.0 -1.0 -1.0 1.0 -1.0 -1.0 1.0 -1.0 -1.0 -1.0 -1.0 1.0  ::: 485.0
 4
............ -1.0 1.0 -1.0 1.0 1.0 1.0 1.0 -1.0 -1.0 -1.0 1.0 -1.0 -1.0 1.0 1.0 -1.0 1.0 -1.0 -1.0 -1.0  ::: 455.0
 5
............ 1.0 1.0 -1.0 -1.0 1.0 1.0 -1.0 1.0 -1.0 -1.0 1.0 1.0 -1.0 1.0 -1.0 1.0 1.0 1.0 -1.0 1.0  ::: 557.0
 6
............ 1.0 -1.0 -1.0 1.0 1.0 -1.0 -1.0 1.0 1.0 -1.0 1.0 1.0 1.0 1.0 1.0 -1.0 1.0 -1.0 1.0 1.0  ::: 451.0
 7
............ -1.0 1.0 1.0 -1.0 1.0 -1.0 -1.0 -1.0 1.0 1.0 -1.0 -1.0 1.0 -1.0 -1.0 -1.0 -1.0 1.0 -1.0 1.0  ::: 440.0
 8
............ -1.0 -1.0 1.0 -1.0 1.0 1.0 1.0 -1.0 -1.0 -1.0 1.0 -1.0 -1.0 -1.0 -1.0 1.0 -1.0 -1.0 -1.0 1.0  ::: 433.0
 9
............ 1.0 1.0 1.0 1.0 -1.0 1.0 1.0 -1.0 -1.0 1.0 -1.0 1.0 1.0 1.0 1.0 1.0 1.0 -1.0 -1.0 -1.0  ::: 447.0


:: Metaheuristic :: RW---RWB[20000]  
:: N. Experiment.:: 10
-----------------------------------
:: Better fitness :: 624.0
:: Average        :: 604.4
:: St. Deviation  :: 8.777
:: Better Solution in the experiment :: 7
:: N. Better Solution :: 1
 1.0 1.0 1.0 -1.0 -1.0 1.0 -1.0 -1.0 1.0 -1.0 -1.0 -1.0 1.0 1.0 1.0 -1.0 -1.0 -1.0 1.0 1.0  ::: 624.0

 -1.0 -1.0 1.0 -1.0 1.0 -1.0 1.0 -1.0 -1.0 1.0 1.0 1.0 -1.0 -1.0 -1.0 1.0 1.0 -1.0 -1.0 -1.0  ::: 591.0
 1.0 -1.0 1.0 1.0 1.0 -1.0 1.0 -1.0 -1.0 1.0 -1.0 1.0 -1.0 -1.0 1.0 1.0 -1.0 -1.0 1.0 -1.0  ::: 604.0
 -1.0 1.0 1.0 -1.0 1.0 -1.0 1.0 1.0 -1.0 1.0 1.0 1.0 -1.0 -1.0 -1.0 -1.0 1.0 -1.0 -1.0 -1.0  ::: 595.0
 1.0 1.0 1.0 -1.0 -1.0 1.0 -1.0 1.0 1.0 -1.0 -1.0 -1.0 1.0 1.0 1.0 -1.0 -1.0 -1.0 1.0 1.0  ::: 608.0
 1.0 -1.0 1.0 -1.0 1.0 -1.0 1.0 -1.0 -1.0 1.0 -1.0 1.0 -1.0 -1.0 -1.0 1.0 1.0 -1.0 1.0 -1.0  ::: 611.0
 1.0 1.0 1.0 -1.0 -1.0 1.0 -1.0 1.0 1.0 -1.0 -1.0 -1.0 1.0 1.0 1.0 -1.0 -1.0 -1.0 1.0 1.0  ::: 608.0
 1.0 1.0 1.0 -1.0 -1.0 1.0 -1.0 -1.0 1.0 -1.0 -1.0 -1.0 1.0 1.0 1.0 -1.0 -1.0 -1.0 1.0 1.0  ::: 624.0
 1.0 1.0 1.0 -1.0 -1.0 1.0 -1.0 1.0 1.0 -1.0 -1.0 -1.0 1.0 1.0 -1.0 -1.0 -1.0 1.0 -1.0 1.0  ::: 600.0
 1.0 -1.0 -1.0 1.0 -1.0 1.0 -1.0 -1.0 1.0 -1.0 -1.0 -1.0 1.0 1.0 1.0 -1.0 -1.0 -1.0 1.0 1.0  ::: 604.0
 1.0 -1.0 -1.0 1.0 -1.0 1.0 -1.0 -1.0 1.0 -1.0 -1.0 -1.0 1.0 1.0 1.0 1.0 -1.0 -1.0 1.0 1.0  ::: 599.0
[MAXCUT] CELL 8/80 mc20_2 RW/RWB best=624 mean=604.4 gap=3.60% | elapsed 0:01:54 | ETA 0:17:13

-------- instance ------ mc20_3  (n=20, totalWeight=1000.0)

---------------------- GRASP --- GRASPc

 Experiments to GRASP
 0
 1
 2
 3
 4
 5
 6
 7
 8
 9


:: Metaheuristic :: GRASP---GRASPc[20000]  
:: N. Experiment.:: 10
-----------------------------------
:: Better fitness :: 716.0
:: Average        :: 716.0
:: St. Deviation  :: 0.0
:: Better Solution in the experiment :: 1
:: N. Better Solution :: 10
 1.0 1.0 -1.0 1.0 -1.0 -1.0 -1.0 1.0 1.0 1.0 1.0 -1.0 -1.0 -1.0 -1.0 1.0 -1.0 1.0 -1.0 1.0  ::: 716.0

 1.0 1.0 -1.0 1.0 -1.0 -1.0 -1.0 1.0 1.0 1.0 1.0 -1.0 -1.0 -1.0 -1.0 1.0 -1.0 1.0 -1.0 1.0  ::: 716.0
 1.0 1.0 -1.0 1.0 -1.0 -1.0 -1.0 1.0 1.0 1.0 1.0 -1.0 -1.0 -1.0 -1.0 1.0 -1.0 1.0 -1.0 1.0  ::: 716.0
 -1.0 -1.0 1.0 -1.0 1.0 1.0 1.0 -1.0 -1.0 -1.0 -1.0 1.0 1.0 1.0 1.0 -1.0 1.0 -1.0 1.0 -1.0  ::: 716.0
 1.0 1.0 -1.0 1.0 -1.0 -1.0 -1.0 1.0 1.0 1.0 1.0 -1.0 -1.0 -1.0 -1.0 1.0 -1.0 1.0 -1.0 1.0  ::: 716.0
 -1.0 -1.0 1.0 -1.0 1.0 1.0 1.0 -1.0 -1.0 -1.0 -1.0 1.0 1.0 1.0 1.0 -1.0 1.0 -1.0 1.0 -1.0  ::: 716.0
 1.0 1.0 -1.0 1.0 -1.0 -1.0 -1.0 1.0 1.0 1.0 1.0 -1.0 -1.0 -1.0 -1.0 1.0 -1.0 1.0 -1.0 1.0  ::: 716.0
 1.0 1.0 -1.0 1.0 -1.0 -1.0 -1.0 1.0 1.0 1.0 1.0 -1.0 -1.0 -1.0 -1.0 1.0 -1.0 1.0 -1.0 1.0  ::: 716.0
 1.0 1.0 -1.0 1.0 -1.0 -1.0 -1.0 1.0 1.0 1.0 1.0 -1.0 -1.0 -1.0 -1.0 1.0 -1.0 1.0 -1.0 1.0  ::: 716.0
 -1.0 -1.0 1.0 -1.0 1.0 1.0 1.0 -1.0 -1.0 -1.0 -1.0 1.0 1.0 1.0 1.0 -1.0 1.0 -1.0 1.0 -1.0  ::: 716.0
 -1.0 -1.0 1.0 -1.0 1.0 1.0 1.0 -1.0 -1.0 -1.0 -1.0 1.0 1.0 1.0 1.0 -1.0 1.0 -1.0 1.0 -1.0  ::: 716.0
[MAXCUT] CELL 9/80 mc20_3 GRASP/GRASPc best=716 mean=716.0 gap=0.00% | elapsed 0:02:01 | ETA 0:16:01

---------------------- GA --- GAB

 Experiments to GA
 0
 1
 2
 3
 4
 5
 6
 7
 8
 9


:: Metaheuristic :: GA---GAB[20000]  
:: N. Experiment.:: 10
-----------------------------------
:: Better fitness :: 716.0
:: Average        :: 716.0
:: St. Deviation  :: 0.0
:: Better Solution in the experiment :: 1
:: N. Better Solution :: 10
 -1.0 -1.0 1.0 -1.0 1.0 1.0 1.0 -1.0 -1.0 -1.0 -1.0 1.0 1.0 1.0 1.0 -1.0 1.0 -1.0 1.0 -1.0  ::: 716.0

 -1.0 -1.0 1.0 -1.0 1.0 1.0 1.0 -1.0 -1.0 -1.0 -1.0 1.0 1.0 1.0 1.0 -1.0 1.0 -1.0 1.0 -1.0  ::: 716.0
 1.0 1.0 -1.0 1.0 -1.0 -1.0 -1.0 1.0 1.0 1.0 1.0 -1.0 -1.0 -1.0 -1.0 1.0 -1.0 1.0 -1.0 1.0  ::: 716.0
 1.0 1.0 -1.0 1.0 -1.0 -1.0 -1.0 1.0 1.0 1.0 1.0 -1.0 -1.0 -1.0 -1.0 1.0 -1.0 1.0 -1.0 1.0  ::: 716.0
 -1.0 -1.0 1.0 -1.0 1.0 1.0 1.0 -1.0 -1.0 -1.0 -1.0 1.0 1.0 1.0 1.0 -1.0 1.0 -1.0 1.0 -1.0  ::: 716.0
 -1.0 -1.0 1.0 -1.0 1.0 1.0 1.0 -1.0 -1.0 -1.0 -1.0 1.0 1.0 1.0 1.0 -1.0 1.0 -1.0 1.0 -1.0  ::: 716.0
 -1.0 -1.0 1.0 -1.0 1.0 1.0 1.0 -1.0 -1.0 -1.0 -1.0 1.0 1.0 1.0 1.0 -1.0 1.0 -1.0 1.0 -1.0  ::: 716.0
 -1.0 -1.0 1.0 -1.0 1.0 1.0 1.0 -1.0 -1.0 -1.0 -1.0 1.0 1.0 1.0 1.0 -1.0 1.0 -1.0 1.0 -1.0  ::: 716.0
 -1.0 -1.0 1.0 -1.0 1.0 1.0 1.0 -1.0 -1.0 -1.0 -1.0 1.0 1.0 1.0 1.0 -1.0 1.0 -1.0 1.0 -1.0  ::: 716.0
 1.0 1.0 -1.0 1.0 -1.0 -1.0 -1.0 1.0 1.0 1.0 1.0 -1.0 -1.0 -1.0 -1.0 1.0 -1.0 1.0 -1.0 1.0  ::: 716.0
 -1.0 -1.0 1.0 -1.0 1.0 1.0 1.0 -1.0 -1.0 -1.0 -1.0 1.0 1.0 1.0 1.0 -1.0 1.0 -1.0 1.0 -1.0  ::: 716.0
[MAXCUT] CELL 10/80 mc20_3 GA/GAB best=716 mean=716.0 gap=0.00% | elapsed 0:02:31 | ETA 0:17:41

---------------------- SA --- SAB

 Experiments to SA
 0
 1
 2
 3
 4
 5
 6
 7
 8
 9


:: Metaheuristic :: SA---SAB[20000]  
:: N. Experiment.:: 10
-----------------------------------
:: Better fitness :: 707.0
:: Average        :: 686.6
:: St. Deviation  :: 11.271
:: Better Solution in the experiment :: 4
:: N. Better Solution :: 1
 -1.0 -1.0 1.0 -1.0 1.0 -1.0 1.0 1.0 -1.0 -1.0 1.0 1.0 1.0 1.0 -1.0 -1.0 1.0 -1.0 1.0 -1.0  ::: 707.0

 1.0 1.0 -1.0 1.0 -1.0 1.0 -1.0 1.0 1.0 1.0 -1.0 -1.0 -1.0 -1.0 -1.0 1.0 -1.0 1.0 -1.0 1.0  ::: 693.0
 -1.0 -1.0 1.0 -1.0 1.0 1.0 1.0 -1.0 -1.0 -1.0 -1.0 1.0 1.0 1.0 -1.0 -1.0 1.0 -1.0 1.0 -1.0  ::: 691.0
 -1.0 1.0 -1.0 1.0 -1.0 1.0 -1.0 -1.0 1.0 -1.0 1.0 -1.0 -1.0 -1.0 1.0 1.0 -1.0 1.0 -1.0 1.0  ::: 677.0
 -1.0 -1.0 1.0 -1.0 1.0 -1.0 1.0 1.0 -1.0 -1.0 1.0 1.0 1.0 1.0 -1.0 -1.0 1.0 -1.0 1.0 -1.0  ::: 707.0
 -1.0 1.0 -1.0 -1.0 -1.0 1.0 -1.0 -1.0 1.0 1.0 -1.0 -1.0 -1.0 -1.0 1.0 1.0 -1.0 1.0 1.0 1.0  ::: 669.0
 -1.0 1.0 1.0 -1.0 1.0 1.0 1.0 -1.0 -1.0 -1.0 -1.0 1.0 1.0 1.0 1.0 -1.0 1.0 -1.0 1.0 -1.0  ::: 699.0
 1.0 1.0 -1.0 1.0 1.0 1.0 -1.0 -1.0 1.0 1.0 -1.0 -1.0 -1.0 -1.0 1.0 1.0 -1.0 1.0 -1.0 1.0  ::: 684.0
 -1.0 1.0 1.0 -1.0 1.0 1.0 1.0 -1.0 -1.0 -1.0 -1.0 1.0 1.0 1.0 1.0 -1.0 1.0 -1.0 -1.0 -1.0  ::: 692.0
 1.0 -1.0 -1.0 1.0 -1.0 1.0 1.0 1.0 1.0 1.0 -1.0 -1.0 -1.0 -1.0 -1.0 1.0 -1.0 1.0 -1.0 1.0  ::: 680.0
 -1.0 -1.0 1.0 -1.0 1.0 -1.0 1.0 1.0 -1.0 1.0 1.0 -1.0 -1.0 1.0 -1.0 -1.0 1.0 -1.0 1.0 -1.0  ::: 674.0
[MAXCUT] CELL 11/80 mc20_3 SA/SAB best=707 mean=686.6 gap=4.11% | elapsed 0:02:35 | ETA 0:16:18

---------------------- RW --- RWB

 Experiments to RW
 0
............ 1.0 1.0 1.0 1.0 1.0 1.0 -1.0 1.0 -1.0 -1.0 -1.0 -1.0 -1.0 -1.0 -1.0 1.0 1.0 1.0 1.0 -1.0  ::: 465.0
 1
............ 1.0 -1.0 1.0 -1.0 1.0 -1.0 -1.0 -1.0 -1.0 1.0 -1.0 1.0 1.0 -1.0 1.0 1.0 -1.0 1.0 1.0 -1.0  ::: 520.0
 2
............ -1.0 1.0 -1.0 1.0 1.0 1.0 1.0 -1.0 1.0 -1.0 1.0 -1.0 -1.0 1.0 -1.0 -1.0 1.0 1.0 -1.0 1.0  ::: 576.0
 3
............ -1.0 -1.0 -1.0 -1.0 1.0 -1.0 -1.0 -1.0 1.0 -1.0 -1.0 -1.0 -1.0 -1.0 1.0 -1.0 -1.0 -1.0 1.0 -1.0  ::: 310.0
 4
............ -1.0 -1.0 1.0 1.0 -1.0 1.0 -1.0 -1.0 -1.0 1.0 -1.0 1.0 1.0 1.0 1.0 -1.0 -1.0 -1.0 1.0 -1.0  ::: 486.0
 5
............ -1.0 -1.0 1.0 1.0 1.0 1.0 -1.0 1.0 -1.0 1.0 -1.0 -1.0 -1.0 1.0 1.0 1.0 -1.0 1.0 1.0 -1.0  ::: 466.0
 6
............ -1.0 -1.0 1.0 1.0 1.0 -1.0 -1.0 1.0 1.0 -1.0 1.0 -1.0 -1.0 1.0 -1.0 1.0 -1.0 1.0 -1.0 -1.0  ::: 514.0
 7
............ -1.0 -1.0 1.0 -1.0 -1.0 -1.0 1.0 1.0 -1.0 1.0 1.0 -1.0 -1.0 1.0 -1.0 -1.0 1.0 1.0 -1.0 -1.0  ::: 536.0
 8
............ -1.0 1.0 -1.0 1.0 1.0 1.0 -1.0 -1.0 -1.0 1.0 -1.0 -1.0 -1.0 -1.0 1.0 1.0 -1.0 -1.0 1.0 1.0  ::: 539.0
 9
............ 1.0 1.0 1.0 -1.0 -1.0 1.0 1.0 1.0 1.0 -1.0 -1.0 -1.0 -1.0 1.0 1.0 -1.0 -1.0 1.0 1.0 1.0  ::: 477.0


:: Metaheuristic :: RW---RWB[20000]  
:: N. Experiment.:: 10
-----------------------------------
:: Better fitness :: 716.0
:: Average        :: 687.5
:: St. Deviation  :: 12.266
:: Better Solution in the experiment :: 9
:: N. Better Solution :: 1
 1.0 1.0 -1.0 1.0 -1.0 -1.0 -1.0 1.0 1.0 1.0 1.0 -1.0 -1.0 -1.0 -1.0 1.0 -1.0 1.0 -1.0 1.0  ::: 716.0

 1.0 1.0 -1.0 1.0 1.0 1.0 -1.0 -1.0 1.0 1.0 -1.0 -1.0 -1.0 -1.0 -1.0 1.0 -1.0 1.0 -1.0 1.0  ::: 693.0
 1.0 1.0 -1.0 1.0 1.0 1.0 -1.0 -1.0 1.0 1.0 1.0 -1.0 -1.0 -1.0 1.0 1.0 -1.0 1.0 -1.0 1.0  ::: 667.0
 1.0 1.0 -1.0 -1.0 -1.0 1.0 -1.0 -1.0 1.0 1.0 -1.0 -1.0 -1.0 -1.0 1.0 1.0 -1.0 1.0 -1.0 1.0  ::: 693.0
 -1.0 -1.0 -1.0 1.0 1.0 1.0 1.0 -1.0 -1.0 -1.0 -1.0 1.0 1.0 1.0 -1.0 -1.0 1.0 -1.0 1.0 -1.0  ::: 679.0
 -1.0 -1.0 1.0 -1.0 1.0 -1.0 1.0 1.0 -1.0 1.0 1.0 1.0 -1.0 1.0 -1.0 -1.0 1.0 -1.0 1.0 -1.0  ::: 689.0
 -1.0 -1.0 1.0 -1.0 1.0 1.0 1.0 -1.0 -1.0 -1.0 -1.0 1.0 1.0 1.0 -1.0 -1.0 1.0 -1.0 1.0 -1.0  ::: 691.0
 -1.0 -1.0 1.0 1.0 1.0 -1.0 1.0 1.0 -1.0 -1.0 1.0 1.0 -1.0 1.0 -1.0 -1.0 1.0 -1.0 1.0 -1.0  ::: 677.0
 1.0 1.0 -1.0 1.0 -1.0 -1.0 -1.0 1.0 1.0 -1.0 1.0 -1.0 1.0 -1.0 -1.0 1.0 -1.0 1.0 -1.0 1.0  ::: 684.0
 1.0 1.0 -1.0 1.0 -1.0 -1.0 -1.0 1.0 1.0 1.0 1.0 -1.0 -1.0 -1.0 -1.0 1.0 -1.0 1.0 -1.0 1.0  ::: 716.0
 -1.0 -1.0 -1.0 1.0 1.0 1.0 1.0 -1.0 -1.0 -1.0 -1.0 1.0 1.0 1.0 1.0 -1.0 1.0 -1.0 1.0 -1.0  ::: 686.0
[MAXCUT] CELL 12/80 mc20_3 RW/RWB best=716 mean=687.5 gap=3.98% | elapsed 0:02:41 | ETA 0:15:14

-------- instance ------ mc20_4  (n=20, totalWeight=291.0)

---------------------- GRASP --- GRASPc

 Experiments to GRASP
 0
 1
 2
 3
 4
 5
 6
 7
 8
 9


:: Metaheuristic :: GRASP---GRASPc[20000]  
:: N. Experiment.:: 10
-----------------------------------
:: Better fitness :: 257.0
:: Average        :: 257.0
:: St. Deviation  :: 0.0
:: Better Solution in the experiment :: 1
:: N. Better Solution :: 10
 -1.0 -1.0 -1.0 1.0 1.0 -1.0 -1.0 1.0 1.0 1.0 -1.0 1.0 -1.0 -1.0 1.0 1.0 1.0 -1.0 1.0 1.0  ::: 257.0

 -1.0 -1.0 -1.0 1.0 1.0 -1.0 -1.0 1.0 1.0 1.0 -1.0 1.0 -1.0 -1.0 1.0 1.0 1.0 -1.0 1.0 1.0  ::: 257.0
 -1.0 -1.0 -1.0 1.0 1.0 -1.0 -1.0 1.0 1.0 1.0 -1.0 1.0 -1.0 -1.0 1.0 1.0 1.0 -1.0 1.0 1.0  ::: 257.0
 1.0 1.0 1.0 -1.0 -1.0 1.0 1.0 -1.0 -1.0 1.0 1.0 -1.0 1.0 1.0 -1.0 -1.0 -1.0 1.0 -1.0 -1.0  ::: 257.0
 1.0 1.0 1.0 -1.0 -1.0 1.0 1.0 -1.0 -1.0 1.0 1.0 -1.0 1.0 1.0 -1.0 -1.0 -1.0 1.0 -1.0 -1.0  ::: 257.0
 1.0 1.0 1.0 -1.0 -1.0 1.0 1.0 -1.0 -1.0 1.0 1.0 -1.0 1.0 1.0 -1.0 -1.0 -1.0 1.0 -1.0 -1.0  ::: 257.0
 1.0 1.0 1.0 -1.0 -1.0 1.0 1.0 -1.0 -1.0 1.0 1.0 -1.0 1.0 1.0 -1.0 -1.0 -1.0 1.0 -1.0 -1.0  ::: 257.0
 -1.0 -1.0 -1.0 1.0 1.0 -1.0 -1.0 1.0 1.0 1.0 -1.0 1.0 -1.0 -1.0 1.0 1.0 1.0 -1.0 1.0 1.0  ::: 257.0
 1.0 1.0 1.0 -1.0 -1.0 1.0 1.0 -1.0 -1.0 1.0 1.0 -1.0 1.0 1.0 -1.0 -1.0 -1.0 1.0 -1.0 -1.0  ::: 257.0
 1.0 1.0 1.0 -1.0 -1.0 1.0 1.0 -1.0 -1.0 1.0 1.0 -1.0 1.0 1.0 -1.0 -1.0 -1.0 1.0 -1.0 -1.0  ::: 257.0
 1.0 1.0 1.0 -1.0 -1.0 1.0 1.0 -1.0 -1.0 1.0 1.0 -1.0 1.0 1.0 -1.0 -1.0 -1.0 1.0 -1.0 -1.0  ::: 257.0
[MAXCUT] CELL 13/80 mc20_4 GRASP/GRASPc best=257 mean=257.0 gap=0.00% | elapsed 0:02:48 | ETA 0:14:29

---------------------- GA --- GAB

 Experiments to GA
 0
 1
 2
 3
 4
 5
 6
 7
 8
 9


:: Metaheuristic :: GA---GAB[20000]  
:: N. Experiment.:: 10
-----------------------------------
:: Better fitness :: 257.0
:: Average        :: 250.6
:: St. Deviation  :: 3.499
:: Better Solution in the experiment :: 2
:: N. Better Solution :: 1
 -1.0 -1.0 -1.0 1.0 1.0 -1.0 -1.0 1.0 1.0 1.0 -1.0 1.0 -1.0 -1.0 1.0 1.0 1.0 -1.0 1.0 1.0  ::: 257.0

 -1.0 1.0 -1.0 1.0 -1.0 -1.0 1.0 1.0 1.0 1.0 1.0 -1.0 -1.0 -1.0 1.0 1.0 -1.0 -1.0 1.0 1.0  ::: 253.0
 -1.0 -1.0 -1.0 1.0 1.0 -1.0 -1.0 1.0 1.0 1.0 -1.0 1.0 -1.0 -1.0 1.0 1.0 1.0 -1.0 1.0 1.0  ::: 257.0
 -1.0 1.0 -1.0 1.0 -1.0 -1.0 1.0 1.0 1.0 -1.0 1.0 -1.0 -1.0 -1.0 1.0 1.0 -1.0 -1.0 1.0 1.0  ::: 253.0
 1.0 1.0 -1.0 -1.0 -1.0 1.0 1.0 -1.0 1.0 1.0 1.0 -1.0 1.0 -1.0 -1.0 -1.0 -1.0 1.0 -1.0 1.0  ::: 249.0
 1.0 -1.0 1.0 -1.0 1.0 1.0 -1.0 -1.0 -1.0 1.0 1.0 -1.0 1.0 1.0 -1.0 -1.0 1.0 1.0 -1.0 -1.0  ::: 252.0
 1.0 -1.0 -1.0 1.0 1.0 -1.0 -1.0 -1.0 1.0 1.0 1.0 -1.0 -1.0 -1.0 1.0 1.0 1.0 -1.0 -1.0 1.0  ::: 244.0
 -1.0 -1.0 1.0 1.0 1.0 -1.0 -1.0 1.0 -1.0 1.0 -1.0 1.0 -1.0 1.0 1.0 1.0 1.0 -1.0 1.0 -1.0  ::: 249.0
 1.0 1.0 1.0 -1.0 -1.0 1.0 -1.0 -1.0 -1.0 1.0 1.0 -1.0 1.0 1.0 -1.0 -1.0 1.0 1.0 -1.0 -1.0  ::: 248.0
 1.0 -1.0 1.0 -1.0 1.0 1.0 -1.0 -1.0 -1.0 1.0 -1.0 1.0 1.0 1.0 -1.0 -1.0 1.0 1.0 -1.0 -1.0  ::: 253.0
 1.0 1.0 1.0 -1.0 -1.0 1.0 -1.0 -1.0 -1.0 -1.0 1.0 -1.0 1.0 1.0 -1.0 -1.0 1.0 1.0 -1.0 -1.0  ::: 248.0
[MAXCUT] CELL 14/80 mc20_4 GA/GAB best=257 mean=250.6 gap=2.49% | elapsed 0:03:36 | ETA 0:16:59

---------------------- SA --- SAB

 Experiments to SA
 0
 1
 2
 3
 4
 5
 6
 7
 8
 9


:: Metaheuristic :: SA---SAB[20000]  
:: N. Experiment.:: 10
-----------------------------------
:: Better fitness :: 256.0
:: Average        :: 252.1
:: St. Deviation  :: 2.166
:: Better Solution in the experiment :: 5
:: N. Better Solution :: 1
 -1.0 -1.0 -1.0 1.0 1.0 -1.0 -1.0 1.0 1.0 1.0 -1.0 1.0 -1.0 -1.0 1.0 -1.0 1.0 -1.0 1.0 1.0  ::: 256.0

 -1.0 -1.0 -1.0 1.0 1.0 -1.0 -1.0 1.0 1.0 -1.0 1.0 -1.0 -1.0 -1.0 1.0 -1.0 1.0 -1.0 1.0 -1.0  ::: 250.0
 -1.0 1.0 -1.0 1.0 -1.0 -1.0 1.0 1.0 1.0 1.0 1.0 -1.0 -1.0 -1.0 1.0 -1.0 -1.0 -1.0 1.0 1.0  ::: 252.0
 1.0 -1.0 1.0 -1.0 1.0 1.0 -1.0 -1.0 -1.0 1.0 1.0 -1.0 1.0 1.0 -1.0 -1.0 1.0 1.0 -1.0 -1.0  ::: 252.0
 1.0 1.0 1.0 -1.0 -1.0 1.0 1.0 -1.0 -1.0 1.0 -1.0 1.0 1.0 1.0 -1.0 1.0 -1.0 1.0 -1.0 -1.0  ::: 255.0
 -1.0 -1.0 -1.0 1.0 1.0 -1.0 -1.0 1.0 1.0 1.0 -1.0 1.0 -1.0 -1.0 1.0 -1.0 1.0 -1.0 1.0 1.0  ::: 256.0
 1.0 1.0 1.0 -1.0 -1.0 1.0 1.0 -1.0 -1.0 1.0 1.0 -1.0 1.0 1.0 -1.0 -1.0 -1.0 1.0 -1.0 1.0  ::: 252.0
 1.0 -1.0 1.0 -1.0 1.0 1.0 -1.0 -1.0 -1.0 1.0 -1.0 1.0 1.0 1.0 -1.0 -1.0 1.0 1.0 -1.0 -1.0  ::: 253.0
 -1.0 -1.0 1.0 -1.0 1.0 1.0 -1.0 1.0 -1.0 1.0 -1.0 1.0 1.0 1.0 -1.0 1.0 -1.0 -1.0 1.0 -1.0  ::: 248.0
 1.0 1.0 1.0 -1.0 -1.0 1.0 1.0 -1.0 -1.0 -1.0 1.0 -1.0 1.0 1.0 -1.0 1.0 -1.0 1.0 -1.0 1.0  ::: 251.0
 -1.0 1.0 -1.0 1.0 -1.0 -1.0 1.0 1.0 1.0 1.0 1.0 -1.0 -1.0 -1.0 1.0 -1.0 -1.0 -1.0 1.0 1.0  ::: 252.0
[MAXCUT] CELL 15/80 mc20_4 SA/SAB best=256 mean=252.1 gap=1.91% | elapsed 0:03:40 | ETA 0:15:54

---------------------- RW --- RWB

 Experiments to RW
 0
............ -1.0 -1.0 -1.0 -1.0 -1.0 1.0 -1.0 1.0 1.0 -1.0 1.0 1.0 1.0 1.0 -1.0 1.0 1.0 1.0 1.0 1.0  ::: 161.0
 1
............ 1.0 1.0 1.0 1.0 -1.0 1.0 -1.0 1.0 1.0 -1.0 1.0 -1.0 -1.0 -1.0 -1.0 -1.0 1.0 -1.0 1.0 1.0  ::: 161.0
 2
............ 1.0 1.0 -1.0 -1.0 -1.0 -1.0 -1.0 1.0 1.0 1.0 1.0 1.0 1.0 -1.0 1.0 1.0 1.0 1.0 1.0 -1.0  ::: 149.0
 3
............ 1.0 1.0 1.0 -1.0 1.0 -1.0 -1.0 -1.0 -1.0 -1.0 -1.0 1.0 -1.0 1.0 -1.0 1.0 1.0 -1.0 -1.0 1.0  ::: 149.0
 4
............ 1.0 1.0 1.0 -1.0 -1.0 -1.0 1.0 -1.0 1.0 -1.0 -1.0 -1.0 1.0 -1.0 -1.0 1.0 1.0 1.0 -1.0 -1.0  ::: 167.0
 5
............ -1.0 -1.0 -1.0 -1.0 1.0 1.0 1.0 1.0 -1.0 1.0 1.0 -1.0 1.0 1.0 -1.0 -1.0 -1.0 1.0 -1.0 1.0  ::: 196.0
 6
............ -1.0 -1.0 1.0 1.0 -1.0 -1.0 1.0 -1.0 -1.0 1.0 -1.0 1.0 1.0 1.0 1.0 1.0 -1.0 -1.0 -1.0 -1.0  ::: 131.0
 7
............ 1.0 1.0 1.0 -1.0 -1.0 1.0 1.0 1.0 -1.0 1.0 1.0 -1.0 1.0 -1.0 -1.0 1.0 1.0 -1.0 -1.0 -1.0  ::: 143.0
 8
............ 1.0 1.0 1.0 1.0 -1.0 1.0 1.0 -1.0 1.0 -1.0 1.0 -1.0 1.0 1.0 -1.0 -1.0 -1.0 -1.0 1.0 -1.0  ::: 163.0
 9
............ -1.0 1.0 -1.0 -1.0 1.0 -1.0 1.0 1.0 1.0 -1.0 -1.0 -1.0 -1.0 -1.0 1.0 -1.0 1.0 1.0 1.0 1.0  ::: 171.0


:: Metaheuristic :: RW---RWB[20000]  
:: N. Experiment.:: 10
-----------------------------------
:: Better fitness :: 256.0
:: Average        :: 253.9
:: St. Deviation  :: 2.119
:: Better Solution in the experiment :: 2
:: N. Better Solution :: 3
 1.0 1.0 1.0 -1.0 -1.0 1.0 1.0 -1.0 -1.0 -1.0 1.0 -1.0 1.0 1.0 -1.0 1.0 -1.0 1.0 -1.0 -1.0  ::: 256.0

 1.0 1.0 1.0 -1.0 -1.0 1.0 1.0 -1.0 -1.0 1.0 -1.0 1.0 1.0 1.0 -1.0 1.0 -1.0 1.0 -1.0 -1.0  ::: 255.0
 1.0 1.0 1.0 -1.0 -1.0 1.0 1.0 -1.0 -1.0 -1.0 1.0 -1.0 1.0 1.0 -1.0 1.0 -1.0 1.0 -1.0 -1.0  ::: 256.0
 1.0 -1.0 1.0 -1.0 1.0 1.0 -1.0 -1.0 -1.0 -1.0 -1.0 1.0 1.0 1.0 -1.0 -1.0 1.0 1.0 -1.0 -1.0  ::: 253.0
 1.0 1.0 1.0 -1.0 -1.0 1.0 1.0 -1.0 -1.0 1.0 1.0 -1.0 1.0 1.0 -1.0 1.0 -1.0 1.0 -1.0 -1.0  ::: 256.0
 1.0 1.0 1.0 -1.0 -1.0 1.0 1.0 -1.0 -1.0 1.0 -1.0 1.0 1.0 1.0 -1.0 1.0 -1.0 1.0 -1.0 -1.0  ::: 255.0
 1.0 1.0 -1.0 -1.0 -1.0 1.0 1.0 -1.0 -1.0 -1.0 1.0 -1.0 1.0 1.0 -1.0 -1.0 -1.0 1.0 -1.0 -1.0  ::: 255.0
 1.0 1.0 1.0 -1.0 -1.0 1.0 1.0 -1.0 -1.0 1.0 1.0 -1.0 1.0 1.0 -1.0 -1.0 -1.0 1.0 -1.0 1.0  ::: 252.0
 -1.0 -1.0 -1.0 1.0 1.0 -1.0 -1.0 1.0 1.0 1.0 1.0 -1.0 -1.0 -1.0 1.0 1.0 1.0 -1.0 1.0 1.0  ::: 256.0
 -1.0 -1.0 -1.0 1.0 1.0 -1.0 -1.0 1.0 1.0 -1.0 1.0 -1.0 -1.0 -1.0 1.0 1.0 1.0 -1.0 1.0 -1.0  ::: 251.0
 1.0 1.0 -1.0 1.0 -1.0 -1.0 1.0 1.0 1.0 -1.0 1.0 -1.0 -1.0 -1.0 1.0 1.0 -1.0 -1.0 -1.0 1.0  ::: 250.0
[MAXCUT] CELL 16/80 mc20_4 RW/RWB best=256 mean=253.9 gap=1.21% | elapsed 0:03:45 | ETA 0:15:02

-------- instance ------ mc20_5  (n=20, totalWeight=364.0)

---------------------- GRASP --- GRASPc

 Experiments to GRASP
 0
 1
 2
 3
 4
 5
 6
 7
 8
 9


:: Metaheuristic :: GRASP---GRASPc[20000]  
:: N. Experiment.:: 10
-----------------------------------
:: Better fitness :: 350.0
:: Average        :: 350.0
:: St. Deviation  :: 0.0
:: Better Solution in the experiment :: 1
:: N. Better Solution :: 10
 -1.0 1.0 1.0 1.0 -1.0 1.0 1.0 1.0 1.0 -1.0 -1.0 -1.0 -1.0 -1.0 -1.0 -1.0 1.0 -1.0 1.0 -1.0  ::: 350.0

 -1.0 1.0 1.0 1.0 -1.0 1.0 1.0 1.0 1.0 -1.0 -1.0 -1.0 -1.0 -1.0 -1.0 -1.0 1.0 -1.0 1.0 -1.0  ::: 350.0
 -1.0 1.0 1.0 1.0 -1.0 1.0 1.0 1.0 1.0 -1.0 -1.0 -1.0 -1.0 -1.0 -1.0 -1.0 1.0 -1.0 1.0 -1.0  ::: 350.0
 1.0 -1.0 -1.0 -1.0 1.0 -1.0 -1.0 -1.0 -1.0 1.0 1.0 1.0 1.0 1.0 1.0 1.0 -1.0 1.0 -1.0 1.0  ::: 350.0
 1.0 -1.0 -1.0 -1.0 1.0 -1.0 -1.0 -1.0 -1.0 1.0 1.0 1.0 1.0 1.0 1.0 1.0 -1.0 1.0 -1.0 1.0  ::: 350.0
 -1.0 1.0 1.0 1.0 -1.0 1.0 1.0 1.0 1.0 -1.0 -1.0 -1.0 -1.0 -1.0 -1.0 -1.0 1.0 -1.0 1.0 -1.0  ::: 350.0
 -1.0 1.0 1.0 1.0 -1.0 1.0 1.0 1.0 1.0 -1.0 -1.0 -1.0 -1.0 -1.0 -1.0 -1.0 1.0 -1.0 1.0 -1.0  ::: 350.0
 -1.0 1.0 1.0 1.0 -1.0 1.0 1.0 1.0 1.0 -1.0 -1.0 -1.0 -1.0 -1.0 -1.0 -1.0 1.0 -1.0 1.0 -1.0  ::: 350.0
 -1.0 1.0 1.0 1.0 -1.0 1.0 1.0 1.0 1.0 -1.0 -1.0 -1.0 -1.0 -1.0 -1.0 -1.0 1.0 -1.0 1.0 -1.0  ::: 350.0
 -1.0 1.0 1.0 1.0 -1.0 1.0 1.0 1.0 1.0 -1.0 -1.0 -1.0 -1.0 -1.0 -1.0 -1.0 1.0 -1.0 1.0 -1.0  ::: 350.0
 1.0 -1.0 -1.0 -1.0 1.0 -1.0 -1.0 -1.0 -1.0 1.0 1.0 1.0 1.0 1.0 1.0 1.0 -1.0 1.0 -1.0 1.0  ::: 350.0
[MAXCUT] CELL 17/80 mc20_5 GRASP/GRASPc best=350 mean=350.0 gap=0.00% | elapsed 0:03:55 | ETA 0:14:34

---------------------- GA --- GAB

 Experiments to GA
 0
 1
 2
 3
 4
 5
 6
 7
 8
 9


:: Metaheuristic :: GA---GAB[20000]  
:: N. Experiment.:: 10
-----------------------------------
:: Better fitness :: 350.0
:: Average        :: 350.0
:: St. Deviation  :: 0.0
:: Better Solution in the experiment :: 1
:: N. Better Solution :: 10
 -1.0 1.0 1.0 1.0 -1.0 1.0 1.0 1.0 1.0 -1.0 -1.0 -1.0 -1.0 -1.0 -1.0 -1.0 1.0 -1.0 1.0 -1.0  ::: 350.0

 -1.0 1.0 1.0 1.0 -1.0 1.0 1.0 1.0 1.0 -1.0 -1.0 -1.0 -1.0 -1.0 -1.0 -1.0 1.0 -1.0 1.0 -1.0  ::: 350.0
 -1.0 1.0 1.0 1.0 -1.0 1.0 1.0 1.0 1.0 -1.0 -1.0 -1.0 -1.0 -1.0 -1.0 -1.0 1.0 -1.0 1.0 -1.0  ::: 350.0
 1.0 -1.0 -1.0 -1.0 1.0 -1.0 -1.0 -1.0 -1.0 1.0 1.0 1.0 1.0 1.0 1.0 1.0 -1.0 1.0 -1.0 1.0  ::: 350.0
 -1.0 1.0 1.0 1.0 -1.0 1.0 1.0 1.0 1.0 -1.0 -1.0 -1.0 -1.0 -1.0 -1.0 -1.0 1.0 -1.0 1.0 -1.0  ::: 350.0
 1.0 -1.0 -1.0 -1.0 1.0 -1.0 -1.0 -1.0 -1.0 1.0 1.0 1.0 1.0 1.0 1.0 1.0 -1.0 1.0 -1.0 1.0  ::: 350.0
 1.0 -1.0 -1.0 -1.0 1.0 -1.0 -1.0 -1.0 -1.0 1.0 1.0 1.0 1.0 1.0 1.0 1.0 -1.0 1.0 -1.0 1.0  ::: 350.0
 -1.0 1.0 1.0 1.0 -1.0 1.0 1.0 1.0 1.0 -1.0 -1.0 -1.0 -1.0 -1.0 -1.0 -1.0 1.0 -1.0 1.0 -1.0  ::: 350.0
 1.0 -1.0 -1.0 -1.0 1.0 -1.0 -1.0 -1.0 -1.0 1.0 1.0 1.0 1.0 1.0 1.0 1.0 -1.0 1.0 -1.0 1.0  ::: 350.0
 -1.0 1.0 1.0 1.0 -1.0 1.0 1.0 1.0 1.0 -1.0 -1.0 -1.0 -1.0 -1.0 -1.0 -1.0 1.0 -1.0 1.0 -1.0  ::: 350.0
 -1.0 1.0 1.0 1.0 -1.0 1.0 1.0 1.0 1.0 -1.0 -1.0 -1.0 -1.0 -1.0 -1.0 -1.0 1.0 -1.0 1.0 -1.0  ::: 350.0
[MAXCUT] CELL 18/80 mc20_5 GA/GAB best=350 mean=350.0 gap=0.00% | elapsed 0:04:24 | ETA 0:15:09

---------------------- SA --- SAB

 Experiments to SA
 0
 1
 2
 3
 4
 5
 6
 7
 8
 9


:: Metaheuristic :: SA---SAB[20000]  
:: N. Experiment.:: 10
-----------------------------------
:: Better fitness :: 331.0
:: Average        :: 321.8
:: St. Deviation  :: 6.447
:: Better Solution in the experiment :: 9
:: N. Better Solution :: 1
 -1.0 1.0 -1.0 1.0 -1.0 1.0 1.0 -1.0 1.0 -1.0 -1.0 1.0 -1.0 -1.0 -1.0 1.0 1.0 -1.0 1.0 -1.0  ::: 331.0

 -1.0 1.0 1.0 1.0 -1.0 1.0 1.0 -1.0 -1.0 -1.0 -1.0 -1.0 -1.0 -1.0 -1.0 -1.0 1.0 -1.0 1.0 -1.0  ::: 313.0
 -1.0 1.0 1.0 -1.0 -1.0 1.0 1.0 1.0 1.0 -1.0 -1.0 1.0 -1.0 1.0 -1.0 -1.0 1.0 -1.0 1.0 -1.0  ::: 319.0
 1.0 -1.0 -1.0 1.0 1.0 -1.0 -1.0 1.0 -1.0 1.0 1.0 1.0 1.0 -1.0 1.0 -1.0 -1.0 1.0 -1.0 1.0  ::: 324.0
 -1.0 1.0 -1.0 1.0 1.0 1.0 1.0 1.0 -1.0 -1.0 -1.0 1.0 -1.0 -1.0 -1.0 -1.0 1.0 -1.0 1.0 -1.0  ::: 318.0
 -1.0 1.0 1.0 1.0 -1.0 1.0 1.0 1.0 1.0 -1.0 -1.0 -1.0 -1.0 -1.0 -1.0 1.0 1.0 -1.0 1.0 -1.0  ::: 329.0
 -1.0 1.0 -1.0 -1.0 -1.0 1.0 1.0 1.0 1.0 -1.0 -1.0 1.0 -1.0 -1.0 -1.0 -1.0 1.0 -1.0 1.0 -1.0  ::: 326.0
 1.0 -1.0 -1.0 1.0 1.0 -1.0 -1.0 -1.0 1.0 1.0 1.0 1.0 1.0 -1.0 1.0 1.0 -1.0 1.0 -1.0 1.0  ::: 326.0
 -1.0 1.0 -1.0 1.0 -1.0 1.0 1.0 1.0 1.0 -1.0 -1.0 1.0 -1.0 -1.0 1.0 -1.0 1.0 -1.0 1.0 -1.0  ::: 322.0
 -1.0 1.0 -1.0 1.0 -1.0 1.0 1.0 -1.0 1.0 -1.0 -1.0 1.0 -1.0 -1.0 -1.0 1.0 1.0 -1.0 1.0 -1.0  ::: 331.0
 -1.0 1.0 -1.0 1.0 -1.0 1.0 1.0 1.0 1.0 -1.0 -1.0 1.0 -1.0 -1.0 -1.0 -1.0 1.0 -1.0 1.0 1.0  ::: 310.0
[MAXCUT] CELL 19/80 mc20_5 SA/SAB best=331 mean=321.8 gap=8.06% | elapsed 0:04:28 | ETA 0:14:22

---------------------- RW --- RWB

 Experiments to RW
 0
............ -1.0 -1.0 1.0 -1.0 -1.0 -1.0 1.0 -1.0 1.0 1.0 1.0 -1.0 -1.0 -1.0 1.0 -1.0 -1.0 -1.0 1.0 -1.0  ::: 144.0
 1
............ -1.0 -1.0 1.0 1.0 -1.0 -1.0 1.0 -1.0 1.0 1.0 1.0 1.0 1.0 1.0 -1.0 -1.0 1.0 -1.0 1.0 1.0  ::: 154.0
 2
............ -1.0 1.0 -1.0 -1.0 -1.0 -1.0 -1.0 -1.0 -1.0 1.0 -1.0 1.0 -1.0 1.0 1.0 1.0 -1.0 -1.0 -1.0 -1.0  ::: 152.0
 3
............ -1.0 1.0 1.0 1.0 -1.0 1.0 1.0 1.0 -1.0 -1.0 -1.0 1.0 1.0 1.0 -1.0 -1.0 -1.0 1.0 -1.0 -1.0  ::: 236.0
 4
............ 1.0 -1.0 -1.0 1.0 -1.0 -1.0 -1.0 1.0 -1.0 1.0 -1.0 -1.0 1.0 1.0 -1.0 -1.0 -1.0 -1.0 1.0 1.0  ::: 172.0
 5
............ -1.0 1.0 -1.0 -1.0 1.0 -1.0 1.0 1.0 -1.0 1.0 1.0 -1.0 -1.0 -1.0 -1.0 1.0 -1.0 -1.0 -1.0 1.0  ::: 149.0
 6
............ 1.0 -1.0 -1.0 -1.0 -1.0 -1.0 -1.0 -1.0 1.0 -1.0 1.0 -1.0 1.0 1.0 -1.0 1.0 1.0 -1.0 -1.0 -1.0  ::: 174.0
 7
............ -1.0 1.0 -1.0 -1.0 -1.0 -1.0 -1.0 -1.0 -1.0 -1.0 -1.0 -1.0 -1.0 -1.0 1.0 1.0 -1.0 1.0 -1.0 -1.0  ::: 94.0
 8
............ 1.0 1.0 -1.0 -1.0 -1.0 1.0 -1.0 1.0 -1.0 -1.0 1.0 1.0 -1.0 -1.0 1.0 -1.0 1.0 1.0 1.0 1.0  ::: 168.0
 9
............ 1.0 1.0 1.0 1.0 -1.0 -1.0 1.0 -1.0 1.0 -1.0 -1.0 1.0 -1.0 -1.0 -1.0 -1.0 -1.0 -1.0 -1.0 -1.0  ::: 136.0


:: Metaheuristic :: RW---RWB[20000]  
:: N. Experiment.:: 10
-----------------------------------
:: Better fitness :: 334.0
:: Average        :: 320.6
:: St. Deviation  :: 5.571
:: Better Solution in the experiment :: 5
:: N. Better Solution :: 1
 1.0 -1.0 -1.0 -1.0 1.0 -1.0 -1.0 -1.0 -1.0 1.0 1.0 1.0 -1.0 1.0 1.0 1.0 -1.0 1.0 -1.0 1.0  ::: 334.0

 1.0 -1.0 1.0 -1.0 -1.0 -1.0 -1.0 -1.0 -1.0 1.0 1.0 -1.0 1.0 1.0 1.0 1.0 -1.0 1.0 -1.0 1.0  ::: 313.0
 -1.0 1.0 -1.0 1.0 -1.0 1.0 1.0 -1.0 -1.0 -1.0 -1.0 1.0 -1.0 -1.0 -1.0 1.0 1.0 -1.0 1.0 -1.0  ::: 320.0
 -1.0 1.0 1.0 1.0 -1.0 1.0 1.0 -1.0 1.0 -1.0 -1.0 1.0 -1.0 -1.0 -1.0 1.0 1.0 -1.0 1.0 -1.0  ::: 319.0
 -1.0 1.0 1.0 -1.0 -1.0 1.0 1.0 1.0 -1.0 -1.0 -1.0 -1.0 -1.0 -1.0 -1.0 -1.0 1.0 -1.0 1.0 -1.0  ::: 321.0
 1.0 -1.0 -1.0 -1.0 1.0 -1.0 -1.0 -1.0 -1.0 1.0 1.0 1.0 -1.0 1.0 1.0 1.0 -1.0 1.0 -1.0 1.0  ::: 334.0
 -1.0 1.0 1.0 1.0 1.0 1.0 1.0 1.0 -1.0 -1.0 -1.0 -1.0 -1.0 -1.0 -1.0 -1.0 1.0 -1.0 1.0 -1.0  ::: 324.0
 1.0 -1.0 -1.0 -1.0 1.0 -1.0 -1.0 1.0 -1.0 1.0 1.0 -1.0 1.0 1.0 1.0 -1.0 -1.0 1.0 -1.0 1.0  ::: 319.0
 -1.0 1.0 1.0 1.0 -1.0 1.0 1.0 1.0 -1.0 -1.0 -1.0 -1.0 -1.0 -1.0 1.0 -1.0 1.0 -1.0 1.0 -1.0  ::: 317.0
 1.0 -1.0 1.0 -1.0 1.0 -1.0 -1.0 1.0 -1.0 1.0 1.0 -1.0 -1.0 1.0 1.0 -1.0 -1.0 1.0 -1.0 1.0  ::: 315.0
 -1.0 1.0 1.0 -1.0 -1.0 1.0 1.0 -1.0 1.0 -1.0 -1.0 -1.0 -1.0 1.0 -1.0 1.0 1.0 -1.0 1.0 -1.0  ::: 324.0
[MAXCUT] CELL 20/80 mc20_5 RW/RWB best=334 mean=320.6 gap=8.40% | elapsed 0:04:33 | ETA 0:13:41

-------- instance ------ mc20_6  (n=20, totalWeight=1090.0)

---------------------- GRASP --- GRASPc

 Experiments to GRASP
 0
 1
 2
 3
 4
 5
 6
 7
 8
 9


:: Metaheuristic :: GRASP---GRASPc[20000]  
:: N. Experiment.:: 10
-----------------------------------
:: Better fitness :: 785.0
:: Average        :: 785.0
:: St. Deviation  :: 0.0
:: Better Solution in the experiment :: 1
:: N. Better Solution :: 10
 1.0 -1.0 -1.0 -1.0 1.0 1.0 -1.0 -1.0 1.0 1.0 -1.0 1.0 1.0 -1.0 -1.0 1.0 -1.0 -1.0 -1.0 1.0  ::: 785.0

 1.0 -1.0 -1.0 -1.0 1.0 1.0 -1.0 -1.0 1.0 1.0 -1.0 1.0 1.0 -1.0 -1.0 1.0 -1.0 -1.0 -1.0 1.0  ::: 785.0
 -1.0 1.0 1.0 1.0 -1.0 -1.0 1.0 1.0 -1.0 -1.0 1.0 -1.0 -1.0 1.0 1.0 -1.0 1.0 1.0 1.0 -1.0  ::: 785.0
 1.0 -1.0 -1.0 -1.0 1.0 1.0 -1.0 -1.0 1.0 1.0 -1.0 1.0 1.0 -1.0 -1.0 1.0 -1.0 -1.0 -1.0 1.0  ::: 785.0
 -1.0 1.0 1.0 1.0 -1.0 -1.0 1.0 1.0 -1.0 -1.0 1.0 -1.0 -1.0 1.0 1.0 -1.0 1.0 1.0 1.0 -1.0  ::: 785.0
 1.0 -1.0 -1.0 -1.0 1.0 1.0 -1.0 -1.0 1.0 1.0 -1.0 1.0 1.0 -1.0 -1.0 1.0 -1.0 -1.0 -1.0 1.0  ::: 785.0
 -1.0 1.0 1.0 1.0 -1.0 -1.0 1.0 1.0 -1.0 -1.0 1.0 -1.0 -1.0 1.0 1.0 -1.0 1.0 1.0 1.0 -1.0  ::: 785.0
 -1.0 1.0 1.0 1.0 -1.0 -1.0 1.0 1.0 -1.0 -1.0 1.0 -1.0 -1.0 1.0 1.0 -1.0 1.0 1.0 1.0 -1.0  ::: 785.0
 -1.0 1.0 1.0 1.0 -1.0 -1.0 1.0 1.0 -1.0 -1.0 1.0 -1.0 -1.0 1.0 1.0 -1.0 1.0 1.0 1.0 -1.0  ::: 785.0
 -1.0 1.0 1.0 1.0 -1.0 -1.0 1.0 1.0 -1.0 -1.0 1.0 -1.0 -1.0 1.0 1.0 -1.0 1.0 1.0 1.0 -1.0  ::: 785.0
 1.0 -1.0 -1.0 -1.0 1.0 1.0 -1.0 -1.0 1.0 1.0 -1.0 1.0 1.0 -1.0 -1.0 1.0 -1.0 -1.0 -1.0 1.0  ::: 785.0
[MAXCUT] CELL 21/80 mc20_6 GRASP/GRASPc best=785 mean=785.0 gap=0.00% | elapsed 0:04:41 | ETA 0:13:09

---------------------- GA --- GAB

 Experiments to GA
 0
 1
 2
 3
 4
 5
 6
 7
 8
 9


:: Metaheuristic :: GA---GAB[20000]  
:: N. Experiment.:: 10
-----------------------------------
:: Better fitness :: 785.0
:: Average        :: 785.0
:: St. Deviation  :: 0.0
:: Better Solution in the experiment :: 1
:: N. Better Solution :: 10
 1.0 -1.0 -1.0 -1.0 1.0 1.0 -1.0 -1.0 1.0 1.0 -1.0 1.0 1.0 -1.0 -1.0 1.0 -1.0 -1.0 -1.0 1.0  ::: 785.0

 1.0 -1.0 -1.0 -1.0 1.0 1.0 -1.0 -1.0 1.0 1.0 -1.0 1.0 1.0 -1.0 -1.0 1.0 -1.0 -1.0 -1.0 1.0  ::: 785.0
 -1.0 1.0 1.0 1.0 -1.0 -1.0 1.0 1.0 -1.0 -1.0 1.0 -1.0 -1.0 1.0 1.0 -1.0 1.0 1.0 1.0 -1.0  ::: 785.0
 1.0 -1.0 -1.0 -1.0 1.0 1.0 -1.0 -1.0 1.0 1.0 -1.0 1.0 1.0 -1.0 -1.0 1.0 -1.0 -1.0 -1.0 1.0  ::: 785.0
 1.0 -1.0 -1.0 -1.0 1.0 1.0 -1.0 -1.0 1.0 1.0 -1.0 1.0 1.0 -1.0 -1.0 1.0 -1.0 -1.0 -1.0 1.0  ::: 785.0
 -1.0 1.0 1.0 1.0 -1.0 -1.0 1.0 1.0 -1.0 -1.0 1.0 -1.0 -1.0 1.0 1.0 -1.0 1.0 1.0 1.0 -1.0  ::: 785.0
 1.0 -1.0 -1.0 -1.0 1.0 1.0 -1.0 -1.0 1.0 1.0 -1.0 1.0 1.0 -1.0 -1.0 1.0 -1.0 -1.0 -1.0 1.0  ::: 785.0
 1.0 -1.0 -1.0 -1.0 1.0 1.0 -1.0 -1.0 1.0 1.0 -1.0 1.0 1.0 -1.0 -1.0 1.0 -1.0 -1.0 -1.0 1.0  ::: 785.0
 1.0 -1.0 -1.0 -1.0 1.0 1.0 -1.0 -1.0 1.0 1.0 -1.0 1.0 1.0 -1.0 -1.0 1.0 -1.0 -1.0 -1.0 1.0  ::: 785.0
 -1.0 1.0 1.0 1.0 -1.0 -1.0 1.0 1.0 -1.0 -1.0 1.0 -1.0 -1.0 1.0 1.0 -1.0 1.0 1.0 1.0 -1.0  ::: 785.0
 1.0 -1.0 -1.0 -1.0 1.0 1.0 -1.0 -1.0 1.0 1.0 -1.0 1.0 1.0 -1.0 -1.0 1.0 -1.0 -1.0 -1.0 1.0  ::: 785.0
[MAXCUT] CELL 22/80 mc20_6 GA/GAB best=785 mean=785.0 gap=0.00% | elapsed 0:05:23 | ETA 0:14:13

---------------------- SA --- SAB

 Experiments to SA
 0
 1
 2
 3
 4
 5
 6
 7
 8
 9


:: Metaheuristic :: SA---SAB[20000]  
:: N. Experiment.:: 10
-----------------------------------
:: Better fitness :: 775.0
:: Average        :: 748.3
:: St. Deviation  :: 10.189
:: Better Solution in the experiment :: 6
:: N. Better Solution :: 1
 1.0 -1.0 -1.0 -1.0 1.0 1.0 -1.0 -1.0 1.0 1.0 -1.0 1.0 1.0 1.0 -1.0 1.0 -1.0 -1.0 -1.0 1.0  ::: 775.0

 1.0 -1.0 -1.0 -1.0 -1.0 1.0 -1.0 1.0 1.0 1.0 -1.0 1.0 1.0 -1.0 -1.0 1.0 1.0 -1.0 -1.0 1.0  ::: 748.0
 1.0 1.0 1.0 -1.0 1.0 -1.0 1.0 -1.0 -1.0 -1.0 -1.0 -1.0 -1.0 1.0 -1.0 1.0 -1.0 1.0 -1.0 -1.0  ::: 735.0
 -1.0 1.0 1.0 -1.0 1.0 -1.0 1.0 1.0 -1.0 -1.0 1.0 -1.0 -1.0 1.0 1.0 -1.0 -1.0 1.0 1.0 -1.0  ::: 745.0
 1.0 -1.0 -1.0 -1.0 1.0 1.0 1.0 -1.0 1.0 1.0 -1.0 1.0 -1.0 1.0 -1.0 1.0 -1.0 1.0 -1.0 1.0  ::: 752.0
 -1.0 1.0 1.0 1.0 -1.0 -1.0 1.0 -1.0 1.0 -1.0 1.0 -1.0 -1.0 -1.0 1.0 -1.0 1.0 1.0 1.0 1.0  ::: 741.0
 1.0 -1.0 -1.0 -1.0 1.0 1.0 -1.0 -1.0 1.0 1.0 -1.0 1.0 1.0 1.0 -1.0 1.0 -1.0 -1.0 -1.0 1.0  ::: 775.0
 -1.0 1.0 1.0 1.0 -1.0 -1.0 1.0 1.0 -1.0 -1.0 1.0 -1.0 -1.0 1.0 1.0 -1.0 1.0 1.0 1.0 1.0  ::: 753.0
 -1.0 1.0 1.0 1.0 -1.0 -1.0 1.0 1.0 1.0 -1.0 1.0 -1.0 -1.0 -1.0 1.0 -1.0 1.0 -1.0 1.0 1.0  ::: 747.0
 1.0 -1.0 -1.0 -1.0 1.0 1.0 -1.0 -1.0 1.0 1.0 -1.0 -1.0 1.0 1.0 -1.0 1.0 -1.0 -1.0 -1.0 -1.0  ::: 744.0
 1.0 -1.0 -1.0 -1.0 1.0 1.0 -1.0 -1.0 1.0 1.0 -1.0 1.0 1.0 -1.0 -1.0 1.0 1.0 -1.0 -1.0 -1.0  ::: 743.0
[MAXCUT] CELL 23/80 mc20_6 SA/SAB best=775 mean=748.3 gap=4.68% | elapsed 0:05:27 | ETA 0:13:32

---------------------- RW --- RWB

 Experiments to RW
 0
............ 1.0 1.0 -1.0 1.0 -1.0 1.0 -1.0 1.0 1.0 1.0 -1.0 1.0 1.0 -1.0 1.0 1.0 1.0 -1.0 -1.0 -1.0  ::: 588.0
 1
............ 1.0 1.0 -1.0 1.0 1.0 -1.0 1.0 -1.0 1.0 -1.0 1.0 -1.0 -1.0 1.0 -1.0 1.0 1.0 1.0 -1.0 -1.0  ::: 596.0
 2
............ -1.0 1.0 1.0 -1.0 -1.0 1.0 -1.0 -1.0 -1.0 1.0 1.0 -1.0 -1.0 1.0 1.0 -1.0 1.0 1.0 1.0 -1.0  ::: 592.0
 3
............ -1.0 1.0 -1.0 1.0 -1.0 -1.0 1.0 -1.0 -1.0 1.0 1.0 -1.0 1.0 -1.0 1.0 -1.0 -1.0 1.0 -1.0 1.0  ::: 495.0
 4
............ -1.0 -1.0 -1.0 -1.0 -1.0 1.0 1.0 1.0 1.0 1.0 1.0 -1.0 -1.0 1.0 -1.0 1.0 1.0 -1.0 -1.0 1.0  ::: 591.0
 5
............ -1.0 -1.0 -1.0 -1.0 1.0 -1.0 -1.0 -1.0 -1.0 1.0 1.0 -1.0 1.0 1.0 -1.0 1.0 1.0 1.0 -1.0 -1.0  ::: 586.0
 6
............ -1.0 -1.0 1.0 -1.0 1.0 1.0 1.0 -1.0 1.0 1.0 1.0 -1.0 -1.0 1.0 1.0 -1.0 -1.0 1.0 -1.0 -1.0  ::: 609.0
 7
............ -1.0 1.0 -1.0 -1.0 1.0 -1.0 1.0 -1.0 -1.0 -1.0 1.0 1.0 1.0 1.0 -1.0 1.0 1.0 1.0 -1.0 1.0  ::: 426.0
 8
............ -1.0 1.0 1.0 1.0 1.0 -1.0 1.0 1.0 1.0 1.0 1.0 1.0 1.0 1.0 1.0 1.0 1.0 1.0 1.0 1.0  ::: 218.0
 9
............ 1.0 1.0 1.0 1.0 -1.0 1.0 1.0 1.0 -1.0 1.0 -1.0 -1.0 1.0 1.0 -1.0 -1.0 -1.0 -1.0 1.0 -1.0  ::: 521.0


:: Metaheuristic :: RW---RWB[20000]  
:: N. Experiment.:: 10
-----------------------------------
:: Better fitness :: 785.0
:: Average        :: 759.8
:: St. Deviation  :: 13.068
:: Better Solution in the experiment :: 7
:: N. Better Solution :: 1
 -1.0 1.0 1.0 1.0 -1.0 -1.0 1.0 1.0 -1.0 -1.0 1.0 -1.0 -1.0 1.0 1.0 -1.0 1.0 1.0 1.0 -1.0  ::: 785.0

 1.0 -1.0 -1.0 -1.0 1.0 1.0 -1.0 -1.0 -1.0 1.0 -1.0 1.0 1.0 1.0 -1.0 1.0 -1.0 -1.0 -1.0 1.0  ::: 764.0
 1.0 -1.0 -1.0 -1.0 1.0 1.0 -1.0 -1.0 1.0 1.0 -1.0 1.0 1.0 -1.0 -1.0 1.0 -1.0 -1.0 -1.0 -1.0  ::: 753.0
 -1.0 1.0 1.0 1.0 -1.0 -1.0 1.0 1.0 -1.0 -1.0 1.0 -1.0 -1.0 -1.0 1.0 -1.0 1.0 1.0 1.0 -1.0  ::: 775.0
 1.0 -1.0 -1.0 -1.0 -1.0 1.0 -1.0 -1.0 1.0 1.0 -1.0 1.0 1.0 -1.0 -1.0 1.0 1.0 1.0 -1.0 1.0  ::: 768.0
 1.0 -1.0 -1.0 -1.0 1.0 1.0 -1.0 -1.0 1.0 1.0 -1.0 1.0 1.0 -1.0 -1.0 1.0 1.0 1.0 -1.0 1.0  ::: 764.0
 1.0 -1.0 -1.0 -1.0 1.0 1.0 1.0 -1.0 1.0 1.0 -1.0 1.0 1.0 -1.0 -1.0 1.0 -1.0 1.0 -1.0 1.0  ::: 750.0
 -1.0 1.0 1.0 1.0 -1.0 -1.0 1.0 1.0 -1.0 -1.0 1.0 -1.0 -1.0 1.0 1.0 -1.0 1.0 1.0 1.0 -1.0  ::: 785.0
 -1.0 -1.0 -1.0 -1.0 -1.0 1.0 -1.0 1.0 1.0 1.0 1.0 1.0 1.0 -1.0 1.0 -1.0 1.0 -1.0 1.0 1.0  ::: 745.0
 -1.0 1.0 1.0 -1.0 -1.0 -1.0 1.0 1.0 -1.0 -1.0 1.0 1.0 -1.0 -1.0 1.0 -1.0 1.0 1.0 1.0 -1.0  ::: 742.0
 -1.0 1.0 1.0 1.0 -1.0 -1.0 1.0 1.0 -1.0 -1.0 1.0 -1.0 1.0 -1.0 1.0 -1.0 1.0 -1.0 1.0 -1.0  ::: 752.0
[MAXCUT] CELL 24/80 mc20_6 RW/RWB best=785 mean=759.8 gap=3.21% | elapsed 0:05:33 | ETA 0:12:57

-------- instance ------ mc20_7  (n=20, totalWeight=934.0)

---------------------- GRASP --- GRASPc

 Experiments to GRASP
 0
 1
 2
 3
 4
 5
 6
 7
 8
 9


:: Metaheuristic :: GRASP---GRASPc[20000]  
:: N. Experiment.:: 10
-----------------------------------
:: Better fitness :: 688.0
:: Average        :: 688.0
:: St. Deviation  :: 0.0
:: Better Solution in the experiment :: 1
:: N. Better Solution :: 10
 1.0 -1.0 -1.0 1.0 1.0 -1.0 -1.0 1.0 1.0 -1.0 1.0 -1.0 -1.0 -1.0 -1.0 1.0 1.0 1.0 1.0 -1.0  ::: 688.0

 1.0 -1.0 -1.0 1.0 1.0 -1.0 -1.0 1.0 1.0 -1.0 1.0 -1.0 -1.0 -1.0 -1.0 1.0 1.0 1.0 1.0 -1.0  ::: 688.0
 1.0 -1.0 -1.0 1.0 1.0 -1.0 -1.0 1.0 1.0 -1.0 1.0 -1.0 -1.0 -1.0 -1.0 1.0 1.0 1.0 1.0 -1.0  ::: 688.0
 1.0 -1.0 -1.0 1.0 1.0 -1.0 -1.0 1.0 1.0 -1.0 1.0 -1.0 -1.0 -1.0 -1.0 1.0 1.0 1.0 1.0 -1.0  ::: 688.0
 -1.0 1.0 1.0 -1.0 -1.0 1.0 1.0 -1.0 -1.0 1.0 -1.0 1.0 1.0 1.0 1.0 -1.0 -1.0 -1.0 -1.0 1.0  ::: 688.0
 -1.0 1.0 1.0 -1.0 -1.0 1.0 1.0 -1.0 -1.0 1.0 -1.0 1.0 1.0 1.0 1.0 -1.0 -1.0 -1.0 -1.0 1.0  ::: 688.0
 1.0 -1.0 -1.0 1.0 1.0 -1.0 -1.0 1.0 1.0 -1.0 1.0 -1.0 -1.0 -1.0 -1.0 1.0 1.0 1.0 1.0 -1.0  ::: 688.0
 -1.0 1.0 1.0 -1.0 -1.0 1.0 1.0 -1.0 -1.0 1.0 -1.0 1.0 1.0 1.0 1.0 -1.0 -1.0 -1.0 -1.0 1.0  ::: 688.0
 -1.0 1.0 1.0 -1.0 -1.0 1.0 1.0 -1.0 -1.0 1.0 -1.0 1.0 1.0 1.0 1.0 -1.0 -1.0 -1.0 -1.0 1.0  ::: 688.0
 -1.0 1.0 1.0 -1.0 -1.0 1.0 1.0 -1.0 -1.0 1.0 -1.0 1.0 1.0 1.0 1.0 -1.0 -1.0 -1.0 -1.0 1.0  ::: 688.0
 -1.0 1.0 1.0 -1.0 -1.0 1.0 1.0 -1.0 -1.0 1.0 -1.0 1.0 1.0 1.0 1.0 -1.0 -1.0 -1.0 -1.0 1.0  ::: 688.0
[MAXCUT] CELL 25/80 mc20_7 GRASP/GRASPc best=688 mean=688.0 gap=0.00% | elapsed 0:05:41 | ETA 0:12:31

---------------------- GA --- GAB

 Experiments to GA
 0
 1
 2
 3
 4
 5
 6
 7
 8
 9


:: Metaheuristic :: GA---GAB[20000]  
:: N. Experiment.:: 10
-----------------------------------
:: Better fitness :: 688.0
:: Average        :: 683.7
:: St. Deviation  :: 3.523
:: Better Solution in the experiment :: 1
:: N. Better Solution :: 4
 1.0 -1.0 -1.0 1.0 1.0 -1.0 -1.0 1.0 1.0 -1.0 1.0 -1.0 -1.0 -1.0 -1.0 1.0 1.0 1.0 1.0 -1.0  ::: 688.0

 1.0 -1.0 -1.0 1.0 1.0 -1.0 -1.0 1.0 1.0 -1.0 1.0 -1.0 -1.0 -1.0 -1.0 1.0 1.0 1.0 1.0 -1.0  ::: 688.0
 1.0 -1.0 1.0 -1.0 1.0 1.0 -1.0 1.0 -1.0 -1.0 1.0 -1.0 -1.0 -1.0 1.0 1.0 1.0 -1.0 -1.0 -1.0  ::: 681.0
 -1.0 1.0 -1.0 -1.0 -1.0 1.0 1.0 1.0 -1.0 1.0 -1.0 -1.0 1.0 1.0 1.0 -1.0 -1.0 -1.0 1.0 1.0  ::: 680.0
 -1.0 1.0 -1.0 1.0 -1.0 -1.0 1.0 -1.0 1.0 1.0 -1.0 1.0 1.0 1.0 -1.0 -1.0 -1.0 1.0 1.0 1.0  ::: 681.0
 1.0 -1.0 -1.0 1.0 1.0 -1.0 -1.0 1.0 1.0 -1.0 1.0 -1.0 -1.0 -1.0 -1.0 1.0 1.0 1.0 1.0 -1.0  ::: 688.0
 -1.0 1.0 -1.0 1.0 -1.0 -1.0 1.0 -1.0 1.0 1.0 -1.0 1.0 1.0 1.0 -1.0 -1.0 -1.0 1.0 1.0 1.0  ::: 681.0
 -1.0 1.0 1.0 -1.0 -1.0 1.0 1.0 -1.0 -1.0 1.0 -1.0 1.0 1.0 1.0 1.0 -1.0 -1.0 -1.0 -1.0 1.0  ::: 688.0
 -1.0 1.0 -1.0 1.0 -1.0 -1.0 1.0 -1.0 1.0 1.0 -1.0 1.0 1.0 1.0 -1.0 -1.0 -1.0 1.0 1.0 1.0  ::: 681.0
 1.0 -1.0 1.0 -1.0 1.0 1.0 -1.0 1.0 -1.0 -1.0 1.0 -1.0 -1.0 -1.0 1.0 1.0 1.0 -1.0 -1.0 -1.0  ::: 681.0
 1.0 -1.0 -1.0 1.0 1.0 -1.0 -1.0 1.0 1.0 -1.0 1.0 -1.0 -1.0 -1.0 -1.0 1.0 1.0 1.0 1.0 -1.0  ::: 688.0
[MAXCUT] CELL 26/80 mc20_7 GA/GAB best=688 mean=683.7 gap=0.62% | elapsed 0:06:09 | ETA 0:12:47

---------------------- SA --- SAB

 Experiments to SA
 0
 1
 2
 3
 4
 5
 6
 7
 8
 9


:: Metaheuristic :: SA---SAB[20000]  
:: N. Experiment.:: 10
-----------------------------------
:: Better fitness :: 688.0
:: Average        :: 665.8
:: St. Deviation  :: 14.337
:: Better Solution in the experiment :: 2
:: N. Better Solution :: 1
 1.0 -1.0 -1.0 1.0 1.0 -1.0 -1.0 1.0 1.0 -1.0 1.0 -1.0 -1.0 -1.0 -1.0 1.0 1.0 1.0 1.0 -1.0  ::: 688.0

 -1.0 1.0 1.0 -1.0 -1.0 1.0 -1.0 -1.0 -1.0 1.0 -1.0 1.0 1.0 1.0 1.0 -1.0 -1.0 -1.0 1.0 1.0  ::: 651.0
 1.0 -1.0 -1.0 1.0 1.0 -1.0 -1.0 1.0 1.0 -1.0 1.0 -1.0 -1.0 -1.0 -1.0 1.0 1.0 1.0 1.0 -1.0  ::: 688.0
 1.0 -1.0 1.0 1.0 1.0 -1.0 -1.0 -1.0 1.0 -1.0 1.0 1.0 -1.0 -1.0 -1.0 1.0 1.0 -1.0 -1.0 -1.0  ::: 672.0
 -1.0 1.0 1.0 -1.0 -1.0 1.0 1.0 1.0 -1.0 1.0 1.0 -1.0 1.0 1.0 1.0 -1.0 -1.0 -1.0 -1.0 1.0  ::: 652.0
 -1.0 1.0 -1.0 1.0 -1.0 -1.0 1.0 1.0 1.0 1.0 -1.0 1.0 -1.0 1.0 -1.0 -1.0 -1.0 1.0 1.0 1.0  ::: 668.0
 -1.0 1.0 1.0 -1.0 -1.0 1.0 1.0 1.0 -1.0 1.0 -1.0 -1.0 1.0 1.0 1.0 -1.0 -1.0 -1.0 -1.0 1.0  ::: 677.0
 -1.0 -1.0 1.0 -1.0 -1.0 1.0 1.0 -1.0 -1.0 1.0 -1.0 1.0 1.0 1.0 1.0 -1.0 -1.0 -1.0 1.0 1.0  ::: 666.0
 1.0 -1.0 -1.0 1.0 1.0 -1.0 -1.0 1.0 1.0 -1.0 1.0 -1.0 -1.0 -1.0 -1.0 1.0 1.0 1.0 -1.0 -1.0  ::: 685.0
 1.0 -1.0 1.0 -1.0 1.0 1.0 -1.0 -1.0 -1.0 -1.0 1.0 1.0 1.0 -1.0 1.0 1.0 -1.0 -1.0 -1.0 -1.0  ::: 643.0
 1.0 -1.0 -1.0 1.0 1.0 -1.0 -1.0 1.0 1.0 -1.0 1.0 -1.0 1.0 -1.0 -1.0 1.0 1.0 1.0 1.0 -1.0  ::: 656.0
[MAXCUT] CELL 27/80 mc20_7 SA/SAB best=688 mean=665.8 gap=3.23% | elapsed 0:06:13 | ETA 0:12:13

---------------------- RW --- RWB

 Experiments to RW
 0
............ -1.0 1.0 1.0 -1.0 1.0 -1.0 1.0 -1.0 -1.0 -1.0 -1.0 -1.0 1.0 -1.0 1.0 1.0 -1.0 1.0 -1.0 1.0  ::: 492.0
 1
............ -1.0 -1.0 1.0 -1.0 1.0 1.0 -1.0 -1.0 1.0 -1.0 1.0 1.0 -1.0 1.0 -1.0 1.0 -1.0 1.0 1.0 1.0  ::: 484.0
 2
............ -1.0 1.0 -1.0 -1.0 1.0 1.0 1.0 1.0 1.0 1.0 1.0 -1.0 1.0 1.0 1.0 1.0 -1.0 1.0 1.0 1.0  ::: 441.0
 3
............ -1.0 -1.0 1.0 1.0 1.0 1.0 1.0 1.0 1.0 -1.0 1.0 1.0 -1.0 -1.0 -1.0 -1.0 -1.0 -1.0 1.0 1.0  ::: 496.0
 4
............ 1.0 1.0 -1.0 1.0 -1.0 1.0 1.0 -1.0 1.0 -1.0 1.0 1.0 1.0 -1.0 1.0 1.0 1.0 -1.0 1.0 -1.0  ::: 454.0
 5
............ 1.0 1.0 -1.0 -1.0 -1.0 -1.0 1.0 1.0 -1.0 1.0 -1.0 -1.0 1.0 1.0 -1.0 -1.0 -1.0 -1.0 1.0 1.0  ::: 521.0
 6
............ -1.0 1.0 -1.0 1.0 1.0 -1.0 -1.0 1.0 -1.0 1.0 -1.0 1.0 -1.0 -1.0 -1.0 -1.0 1.0 1.0 1.0 1.0  ::: 578.0
 7
............ -1.0 1.0 -1.0 1.0 1.0 1.0 -1.0 -1.0 1.0 1.0 1.0 1.0 1.0 -1.0 1.0 1.0 1.0 1.0 1.0 -1.0  ::: 419.0
 8
............ -1.0 1.0 1.0 1.0 1.0 1.0 -1.0 1.0 -1.0 -1.0 1.0 1.0 -1.0 -1.0 1.0 1.0 1.0 1.0 1.0 1.0  ::: 430.0
 9
............ 1.0 1.0 1.0 1.0 -1.0 -1.0 -1.0 1.0 -1.0 1.0 1.0 -1.0 1.0 1.0 1.0 -1.0 1.0 -1.0 1.0 -1.0  ::: 487.0


:: Metaheuristic :: RW---RWB[20000]  
:: N. Experiment.:: 10
-----------------------------------
:: Better fitness :: 688.0
:: Average        :: 662.1
:: St. Deviation  :: 17.558
:: Better Solution in the experiment :: 10
:: N. Better Solution :: 1
 -1.0 1.0 1.0 -1.0 -1.0 1.0 1.0 -1.0 -1.0 1.0 -1.0 1.0 1.0 1.0 1.0 -1.0 -1.0 -1.0 -1.0 1.0  ::: 688.0

 -1.0 1.0 1.0 -1.0 -1.0 1.0 1.0 1.0 -1.0 1.0 -1.0 -1.0 -1.0 1.0 1.0 -1.0 -1.0 -1.0 1.0 1.0  ::: 678.0
 -1.0 1.0 1.0 -1.0 -1.0 1.0 1.0 -1.0 -1.0 1.0 -1.0 1.0 1.0 1.0 -1.0 -1.0 -1.0 -1.0 1.0 1.0  ::: 640.0
 1.0 -1.0 1.0 1.0 1.0 -1.0 -1.0 -1.0 1.0 -1.0 1.0 1.0 -1.0 -1.0 1.0 1.0 1.0 -1.0 -1.0 -1.0  ::: 659.0
 -1.0 1.0 -1.0 -1.0 -1.0 1.0 1.0 1.0 -1.0 1.0 1.0 -1.0 1.0 1.0 1.0 -1.0 -1.0 -1.0 1.0 1.0  ::: 667.0
 -1.0 1.0 -1.0 -1.0 -1.0 1.0 1.0 1.0 -1.0 1.0 -1.0 -1.0 1.0 1.0 1.0 -1.0 -1.0 1.0 1.0 1.0  ::: 672.0
 -1.0 -1.0 -1.0 1.0 -1.0 -1.0 1.0 1.0 1.0 1.0 1.0 -1.0 1.0 1.0 -1.0 1.0 -1.0 1.0 1.0 1.0  ::: 648.0
 -1.0 1.0 1.0 -1.0 -1.0 1.0 1.0 -1.0 -1.0 1.0 -1.0 1.0 1.0 1.0 1.0 -1.0 -1.0 -1.0 1.0 1.0  ::: 685.0
 1.0 -1.0 1.0 1.0 1.0 1.0 -1.0 -1.0 -1.0 -1.0 1.0 -1.0 1.0 -1.0 1.0 1.0 1.0 -1.0 -1.0 -1.0  ::: 644.0
 -1.0 1.0 -1.0 -1.0 -1.0 1.0 1.0 1.0 1.0 1.0 -1.0 1.0 -1.0 1.0 -1.0 -1.0 -1.0 -1.0 1.0 1.0  ::: 640.0
 -1.0 1.0 1.0 -1.0 -1.0 1.0 1.0 -1.0 -1.0 1.0 -1.0 1.0 1.0 1.0 1.0 -1.0 -1.0 -1.0 -1.0 1.0  ::: 688.0
[MAXCUT] CELL 28/80 mc20_7 RW/RWB best=688 mean=662.1 gap=3.76% | elapsed 0:06:19 | ETA 0:11:44

-------- instance ------ mc20_8  (n=20, totalWeight=394.0)

---------------------- GRASP --- GRASPc

 Experiments to GRASP
 0
 1
 2
 3
 4
 5
 6
 7
 8
 9


:: Metaheuristic :: GRASP---GRASPc[20000]  
:: N. Experiment.:: 10
-----------------------------------
:: Better fitness :: 337.0
:: Average        :: 337.0
:: St. Deviation  :: 0.0
:: Better Solution in the experiment :: 1
:: N. Better Solution :: 10
 -1.0 -1.0 1.0 -1.0 1.0 1.0 1.0 -1.0 1.0 1.0 -1.0 1.0 -1.0 1.0 -1.0 -1.0 1.0 1.0 1.0 1.0  ::: 337.0

 -1.0 -1.0 1.0 -1.0 1.0 1.0 1.0 -1.0 1.0 1.0 -1.0 1.0 -1.0 1.0 -1.0 -1.0 1.0 1.0 1.0 1.0  ::: 337.0
 1.0 1.0 -1.0 1.0 -1.0 -1.0 -1.0 1.0 -1.0 -1.0 1.0 -1.0 1.0 -1.0 1.0 1.0 -1.0 -1.0 -1.0 -1.0  ::: 337.0
 -1.0 -1.0 1.0 -1.0 1.0 1.0 1.0 -1.0 1.0 1.0 -1.0 1.0 -1.0 1.0 -1.0 -1.0 1.0 1.0 1.0 1.0  ::: 337.0
 -1.0 -1.0 1.0 -1.0 1.0 1.0 1.0 -1.0 1.0 1.0 -1.0 1.0 -1.0 1.0 -1.0 -1.0 1.0 1.0 1.0 1.0  ::: 337.0
 -1.0 -1.0 1.0 -1.0 1.0 1.0 1.0 -1.0 1.0 1.0 -1.0 1.0 -1.0 1.0 -1.0 -1.0 1.0 1.0 1.0 1.0  ::: 337.0
 -1.0 -1.0 1.0 -1.0 1.0 1.0 1.0 -1.0 1.0 1.0 -1.0 1.0 -1.0 1.0 -1.0 -1.0 1.0 1.0 1.0 1.0  ::: 337.0
 -1.0 -1.0 1.0 -1.0 1.0 1.0 1.0 -1.0 1.0 1.0 -1.0 1.0 -1.0 1.0 -1.0 -1.0 1.0 1.0 1.0 1.0  ::: 337.0
 -1.0 -1.0 1.0 -1.0 1.0 1.0 1.0 -1.0 1.0 1.0 -1.0 1.0 -1.0 1.0 -1.0 -1.0 1.0 1.0 1.0 1.0  ::: 337.0
 1.0 1.0 -1.0 1.0 -1.0 -1.0 -1.0 1.0 -1.0 -1.0 1.0 -1.0 1.0 -1.0 1.0 1.0 -1.0 -1.0 -1.0 -1.0  ::: 337.0
 -1.0 -1.0 1.0 -1.0 1.0 1.0 1.0 -1.0 1.0 1.0 -1.0 1.0 -1.0 1.0 -1.0 -1.0 1.0 1.0 1.0 1.0  ::: 337.0
[MAXCUT] CELL 29/80 mc20_8 GRASP/GRASPc best=337 mean=337.0 gap=0.00% | elapsed 0:06:27 | ETA 0:11:21

---------------------- GA --- GAB

 Experiments to GA
 0
 1
 2
 3
 4
 5
 6
 7
 8
 9


:: Metaheuristic :: GA---GAB[20000]  
:: N. Experiment.:: 10
-----------------------------------
:: Better fitness :: 337.0
:: Average        :: 337.0
:: St. Deviation  :: 0.0
:: Better Solution in the experiment :: 1
:: N. Better Solution :: 10
 -1.0 -1.0 1.0 -1.0 1.0 1.0 1.0 -1.0 1.0 1.0 -1.0 1.0 -1.0 1.0 -1.0 -1.0 1.0 1.0 1.0 1.0  ::: 337.0

 -1.0 -1.0 1.0 -1.0 1.0 1.0 1.0 -1.0 1.0 1.0 -1.0 1.0 -1.0 1.0 -1.0 -1.0 1.0 1.0 1.0 1.0  ::: 337.0
 1.0 1.0 -1.0 1.0 -1.0 -1.0 -1.0 1.0 -1.0 -1.0 1.0 -1.0 1.0 -1.0 1.0 1.0 -1.0 -1.0 -1.0 -1.0  ::: 337.0
 -1.0 -1.0 1.0 -1.0 1.0 1.0 1.0 -1.0 1.0 1.0 -1.0 1.0 -1.0 1.0 -1.0 -1.0 1.0 1.0 1.0 1.0  ::: 337.0
 1.0 1.0 -1.0 1.0 -1.0 -1.0 -1.0 1.0 -1.0 -1.0 1.0 -1.0 1.0 -1.0 1.0 1.0 -1.0 -1.0 -1.0 -1.0  ::: 337.0
 -1.0 -1.0 1.0 -1.0 1.0 1.0 1.0 -1.0 1.0 1.0 -1.0 1.0 -1.0 1.0 -1.0 -1.0 1.0 1.0 1.0 1.0  ::: 337.0
 -1.0 -1.0 1.0 -1.0 1.0 1.0 1.0 -1.0 1.0 1.0 -1.0 1.0 -1.0 1.0 -1.0 -1.0 1.0 1.0 1.0 1.0  ::: 337.0
 1.0 1.0 -1.0 1.0 -1.0 -1.0 -1.0 1.0 -1.0 -1.0 1.0 -1.0 1.0 -1.0 1.0 1.0 -1.0 -1.0 -1.0 -1.0  ::: 337.0
 1.0 1.0 -1.0 1.0 -1.0 -1.0 -1.0 1.0 -1.0 -1.0 1.0 -1.0 1.0 -1.0 1.0 1.0 -1.0 -1.0 -1.0 -1.0  ::: 337.0
 -1.0 -1.0 1.0 -1.0 1.0 1.0 1.0 -1.0 1.0 1.0 -1.0 1.0 -1.0 1.0 -1.0 -1.0 1.0 1.0 1.0 1.0  ::: 337.0
 -1.0 -1.0 1.0 -1.0 1.0 1.0 1.0 -1.0 1.0 1.0 -1.0 1.0 -1.0 1.0 -1.0 -1.0 1.0 1.0 1.0 1.0  ::: 337.0
[MAXCUT] CELL 30/80 mc20_8 GA/GAB best=337 mean=337.0 gap=0.00% | elapsed 0:07:00 | ETA 0:11:40

---------------------- SA --- SAB

 Experiments to SA
 0
 1
 2
 3
 4
 5
 6
 7
 8
 9


:: Metaheuristic :: SA---SAB[20000]  
:: N. Experiment.:: 10
-----------------------------------
:: Better fitness :: 335.0
:: Average        :: 326.9
:: St. Deviation  :: 7.245
:: Better Solution in the experiment :: 10
:: N. Better Solution :: 1
 -1.0 -1.0 1.0 -1.0 1.0 1.0 1.0 -1.0 1.0 1.0 -1.0 1.0 1.0 1.0 -1.0 -1.0 -1.0 1.0 1.0 1.0  ::: 335.0

 -1.0 1.0 -1.0 -1.0 1.0 -1.0 1.0 -1.0 1.0 1.0 -1.0 1.0 -1.0 1.0 -1.0 -1.0 1.0 1.0 1.0 1.0  ::: 330.0
 1.0 1.0 -1.0 1.0 -1.0 -1.0 1.0 1.0 -1.0 -1.0 -1.0 1.0 -1.0 1.0 1.0 1.0 1.0 -1.0 -1.0 -1.0  ::: 319.0
 -1.0 1.0 -1.0 -1.0 1.0 1.0 -1.0 -1.0 1.0 1.0 -1.0 1.0 -1.0 1.0 -1.0 -1.0 -1.0 1.0 1.0 1.0  ::: 321.0
 1.0 1.0 -1.0 1.0 -1.0 -1.0 -1.0 -1.0 1.0 -1.0 1.0 1.0 -1.0 -1.0 -1.0 1.0 1.0 1.0 -1.0 1.0  ::: 314.0
 1.0 1.0 -1.0 1.0 -1.0 -1.0 -1.0 1.0 -1.0 -1.0 1.0 -1.0 1.0 -1.0 1.0 1.0 1.0 -1.0 -1.0 -1.0  ::: 334.0
 -1.0 1.0 -1.0 -1.0 1.0 1.0 -1.0 -1.0 1.0 1.0 1.0 1.0 1.0 -1.0 -1.0 -1.0 -1.0 1.0 1.0 1.0  ::: 321.0
 -1.0 -1.0 1.0 -1.0 1.0 1.0 1.0 -1.0 1.0 1.0 -1.0 1.0 -1.0 1.0 -1.0 -1.0 -1.0 1.0 1.0 1.0  ::: 334.0
 -1.0 1.0 -1.0 -1.0 1.0 -1.0 1.0 -1.0 1.0 1.0 -1.0 1.0 -1.0 1.0 -1.0 -1.0 1.0 1.0 -1.0 1.0  ::: 327.0
 -1.0 -1.0 1.0 -1.0 1.0 1.0 1.0 -1.0 1.0 1.0 -1.0 1.0 -1.0 1.0 -1.0 -1.0 -1.0 1.0 1.0 1.0  ::: 334.0
 -1.0 -1.0 1.0 -1.0 1.0 1.0 1.0 -1.0 1.0 1.0 -1.0 1.0 1.0 1.0 -1.0 -1.0 -1.0 1.0 1.0 1.0  ::: 335.0
[MAXCUT] CELL 31/80 mc20_8 SA/SAB best=335 mean=326.9 gap=3.00% | elapsed 0:07:04 | ETA 0:11:11

---------------------- RW --- RWB

 Experiments to RW
 0
............ 1.0 -1.0 -1.0 1.0 1.0 1.0 1.0 1.0 -1.0 -1.0 1.0 -1.0 1.0 -1.0 1.0 -1.0 1.0 1.0 1.0 1.0  ::: 235.0
 1
............ -1.0 1.0 -1.0 1.0 1.0 1.0 -1.0 -1.0 1.0 1.0 1.0 1.0 -1.0 1.0 1.0 -1.0 -1.0 -1.0 -1.0 -1.0  ::: 250.0
 2
............ -1.0 -1.0 -1.0 1.0 -1.0 1.0 1.0 -1.0 -1.0 -1.0 1.0 -1.0 -1.0 1.0 1.0 1.0 1.0 -1.0 -1.0 1.0  ::: 210.0
 3
............ 1.0 -1.0 1.0 1.0 1.0 -1.0 -1.0 -1.0 1.0 -1.0 1.0 1.0 -1.0 1.0 1.0 1.0 1.0 1.0 -1.0 -1.0  ::: 228.0
 4
............ -1.0 -1.0 -1.0 1.0 1.0 -1.0 -1.0 -1.0 -1.0 1.0 1.0 -1.0 -1.0 -1.0 1.0 1.0 -1.0 -1.0 -1.0 -1.0  ::: 190.0
 5
............ -1.0 -1.0 -1.0 1.0 -1.0 1.0 1.0 1.0 1.0 -1.0 1.0 1.0 -1.0 1.0 1.0 -1.0 -1.0 -1.0 1.0 1.0  ::: 178.0
 6
............ 1.0 1.0 -1.0 1.0 -1.0 -1.0 -1.0 1.0 1.0 -1.0 -1.0 -1.0 -1.0 -1.0 1.0 -1.0 -1.0 1.0 -1.0 1.0  ::: 167.0
 7
............ -1.0 1.0 -1.0 -1.0 -1.0 -1.0 1.0 1.0 1.0 1.0 1.0 1.0 -1.0 -1.0 1.0 -1.0 1.0 -1.0 -1.0 -1.0  ::: 185.0
 8
............ 1.0 1.0 -1.0 1.0 -1.0 1.0 1.0 -1.0 -1.0 1.0 -1.0 1.0 1.0 -1.0 1.0 1.0 -1.0 1.0 1.0 1.0  ::: 153.0
 9
............ 1.0 -1.0 -1.0 -1.0 1.0 1.0 -1.0 1.0 1.0 1.0 -1.0 -1.0 1.0 -1.0 -1.0 -1.0 -1.0 -1.0 -1.0 1.0  ::: 201.0


:: Metaheuristic :: RW---RWB[20000]  
:: N. Experiment.:: 10
-----------------------------------
:: Better fitness :: 327.0
:: Average        :: 322.5
:: St. Deviation  :: 2.872
:: Better Solution in the experiment :: 4
:: N. Better Solution :: 2
 -1.0 1.0 -1.0 -1.0 1.0 -1.0 1.0 -1.0 1.0 1.0 -1.0 1.0 -1.0 1.0 -1.0 -1.0 1.0 1.0 -1.0 1.0  ::: 327.0

 -1.0 -1.0 1.0 -1.0 1.0 1.0 -1.0 -1.0 1.0 1.0 -1.0 1.0 1.0 1.0 -1.0 -1.0 -1.0 1.0 1.0 1.0  ::: 324.0
 -1.0 -1.0 1.0 -1.0 1.0 1.0 -1.0 -1.0 1.0 1.0 -1.0 1.0 1.0 1.0 -1.0 -1.0 -1.0 1.0 1.0 1.0  ::: 324.0
 -1.0 -1.0 1.0 -1.0 1.0 1.0 -1.0 -1.0 1.0 1.0 1.0 1.0 -1.0 1.0 -1.0 -1.0 1.0 1.0 1.0 1.0  ::: 323.0
 -1.0 1.0 -1.0 -1.0 1.0 -1.0 1.0 -1.0 1.0 1.0 -1.0 1.0 -1.0 1.0 -1.0 -1.0 1.0 1.0 -1.0 1.0  ::: 327.0
 -1.0 1.0 -1.0 -1.0 1.0 -1.0 1.0 -1.0 1.0 1.0 -1.0 1.0 -1.0 1.0 -1.0 -1.0 -1.0 1.0 1.0 1.0  ::: 327.0
 -1.0 1.0 -1.0 -1.0 1.0 -1.0 1.0 -1.0 1.0 1.0 -1.0 1.0 1.0 1.0 -1.0 -1.0 -1.0 1.0 1.0 1.0  ::: 320.0
 1.0 1.0 -1.0 -1.0 1.0 1.0 -1.0 1.0 -1.0 -1.0 1.0 1.0 -1.0 -1.0 -1.0 -1.0 1.0 1.0 1.0 1.0  ::: 319.0
 -1.0 1.0 -1.0 -1.0 1.0 1.0 1.0 -1.0 -1.0 1.0 -1.0 1.0 -1.0 1.0 -1.0 -1.0 1.0 1.0 1.0 1.0  ::: 319.0
 -1.0 -1.0 1.0 1.0 -1.0 -1.0 1.0 1.0 -1.0 1.0 -1.0 -1.0 1.0 1.0 1.0 1.0 -1.0 -1.0 -1.0 -1.0  ::: 320.0
 1.0 -1.0 1.0 -1.0 1.0 1.0 -1.0 -1.0 1.0 -1.0 1.0 1.0 -1.0 -1.0 -1.0 -1.0 1.0 1.0 1.0 1.0  ::: 322.0
[MAXCUT] CELL 32/80 mc20_8 RW/RWB best=327 mean=322.5 gap=4.30% | elapsed 0:07:10 | ETA 0:10:45

-------- instance ------ mc20_9  (n=20, totalWeight=296.0)

---------------------- GRASP --- GRASPc

 Experiments to GRASP
 0
 1
 2
 3
 4
 5
 6
 7
 8
 9


:: Metaheuristic :: GRASP---GRASPc[20000]  
:: N. Experiment.:: 10
-----------------------------------
:: Better fitness :: 253.0
:: Average        :: 253.0
:: St. Deviation  :: 0.0
:: Better Solution in the experiment :: 1
:: N. Better Solution :: 10
 -1.0 1.0 1.0 1.0 1.0 1.0 1.0 1.0 -1.0 1.0 -1.0 1.0 -1.0 -1.0 -1.0 -1.0 -1.0 1.0 -1.0 1.0  ::: 253.0

 -1.0 1.0 1.0 1.0 1.0 1.0 1.0 1.0 -1.0 1.0 -1.0 1.0 -1.0 -1.0 -1.0 -1.0 -1.0 1.0 -1.0 1.0  ::: 253.0
 1.0 -1.0 -1.0 -1.0 -1.0 -1.0 -1.0 -1.0 1.0 -1.0 1.0 -1.0 1.0 1.0 1.0 1.0 1.0 1.0 1.0 -1.0  ::: 253.0
 1.0 -1.0 -1.0 -1.0 -1.0 -1.0 -1.0 -1.0 1.0 -1.0 1.0 -1.0 1.0 1.0 1.0 1.0 1.0 1.0 1.0 -1.0  ::: 253.0
 1.0 -1.0 -1.0 -1.0 -1.0 -1.0 -1.0 -1.0 1.0 -1.0 1.0 -1.0 1.0 1.0 1.0 1.0 1.0 1.0 1.0 -1.0  ::: 253.0
 1.0 -1.0 -1.0 -1.0 -1.0 -1.0 -1.0 -1.0 1.0 -1.0 1.0 -1.0 1.0 1.0 1.0 1.0 1.0 1.0 1.0 -1.0  ::: 253.0
 -1.0 1.0 1.0 1.0 1.0 -1.0 1.0 1.0 1.0 1.0 -1.0 1.0 -1.0 -1.0 1.0 -1.0 -1.0 1.0 -1.0 -1.0  ::: 253.0
 -1.0 1.0 1.0 1.0 1.0 1.0 1.0 1.0 -1.0 1.0 -1.0 1.0 -1.0 -1.0 -1.0 -1.0 -1.0 1.0 -1.0 1.0  ::: 253.0
 1.0 -1.0 -1.0 -1.0 -1.0 -1.0 -1.0 -1.0 1.0 -1.0 1.0 -1.0 1.0 1.0 1.0 1.0 1.0 1.0 1.0 -1.0  ::: 253.0
 1.0 -1.0 -1.0 -1.0 -1.0 -1.0 -1.0 -1.0 1.0 -1.0 1.0 -1.0 1.0 1.0 1.0 1.0 1.0 1.0 1.0 -1.0  ::: 253.0
 -1.0 1.0 1.0 1.0 1.0 -1.0 1.0 1.0 1.0 1.0 -1.0 1.0 -1.0 -1.0 1.0 -1.0 -1.0 1.0 -1.0 -1.0  ::: 253.0
[MAXCUT] CELL 33/80 mc20_9 GRASP/GRASPc best=253 mean=253.0 gap=0.00% | elapsed 0:07:19 | ETA 0:10:26

---------------------- GA --- GAB

 Experiments to GA
 0
 1
 2
 3
 4
 5
 6
 7
 8
 9


:: Metaheuristic :: GA---GAB[20000]  
:: N. Experiment.:: 10
-----------------------------------
:: Better fitness :: 251.0
:: Average        :: 245.8
:: St. Deviation  :: 3.544
:: Better Solution in the experiment :: 1
:: N. Better Solution :: 3
 1.0 -1.0 -1.0 -1.0 -1.0 -1.0 1.0 1.0 1.0 -1.0 1.0 -1.0 1.0 1.0 1.0 1.0 -1.0 1.0 1.0 -1.0  ::: 251.0

 1.0 -1.0 -1.0 -1.0 -1.0 -1.0 1.0 1.0 1.0 -1.0 1.0 -1.0 1.0 1.0 1.0 1.0 -1.0 1.0 1.0 -1.0  ::: 251.0
 1.0 1.0 1.0 1.0 1.0 -1.0 1.0 1.0 1.0 -1.0 -1.0 1.0 -1.0 1.0 1.0 -1.0 -1.0 1.0 -1.0 -1.0  ::: 245.0
 -1.0 1.0 1.0 1.0 1.0 1.0 -1.0 -1.0 -1.0 1.0 -1.0 1.0 -1.0 -1.0 -1.0 -1.0 1.0 1.0 -1.0 1.0  ::: 251.0
 -1.0 -1.0 -1.0 1.0 -1.0 -1.0 1.0 1.0 -1.0 1.0 1.0 -1.0 1.0 -1.0 1.0 1.0 -1.0 -1.0 1.0 1.0  ::: 242.0
 1.0 1.0 1.0 -1.0 1.0 1.0 -1.0 -1.0 1.0 -1.0 -1.0 1.0 -1.0 1.0 -1.0 -1.0 1.0 1.0 -1.0 -1.0  ::: 242.0
 1.0 1.0 1.0 1.0 1.0 -1.0 1.0 1.0 1.0 -1.0 -1.0 1.0 -1.0 1.0 1.0 -1.0 -1.0 1.0 -1.0 -1.0  ::: 245.0
 1.0 1.0 -1.0 -1.0 1.0 1.0 -1.0 -1.0 1.0 -1.0 -1.0 -1.0 1.0 1.0 -1.0 -1.0 1.0 -1.0 1.0 -1.0  ::: 243.0
 1.0 1.0 1.0 -1.0 1.0 1.0 1.0 1.0 1.0 -1.0 -1.0 1.0 -1.0 1.0 -1.0 -1.0 -1.0 -1.0 -1.0 -1.0  ::: 244.0
 1.0 1.0 1.0 -1.0 1.0 1.0 1.0 1.0 1.0 -1.0 -1.0 1.0 -1.0 1.0 -1.0 -1.0 -1.0 -1.0 -1.0 -1.0  ::: 244.0
 1.0 -1.0 -1.0 -1.0 -1.0 -1.0 1.0 1.0 1.0 -1.0 1.0 -1.0 1.0 1.0 1.0 1.0 -1.0 -1.0 1.0 -1.0  ::: 251.0
[MAXCUT] CELL 34/80 mc20_9 GA/GAB best=251 mean=245.8 gap=2.85% | elapsed 0:07:58 | ETA 0:10:46

---------------------- SA --- SAB

 Experiments to SA
 0
 1
 2
 3
 4
 5
 6
 7
 8
 9


:: Metaheuristic :: SA---SAB[20000]  
:: N. Experiment.:: 10
-----------------------------------
:: Better fitness :: 253.0
:: Average        :: 248.0
:: St. Deviation  :: 3.688
:: Better Solution in the experiment :: 1
:: N. Better Solution :: 2
 -1.0 1.0 1.0 1.0 1.0 -1.0 1.0 1.0 1.0 1.0 -1.0 1.0 -1.0 -1.0 1.0 -1.0 -1.0 1.0 -1.0 -1.0  ::: 253.0

 -1.0 1.0 1.0 1.0 1.0 -1.0 1.0 1.0 1.0 1.0 -1.0 1.0 -1.0 -1.0 1.0 -1.0 -1.0 1.0 -1.0 -1.0  ::: 253.0
 1.0 -1.0 -1.0 -1.0 -1.0 1.0 -1.0 -1.0 -1.0 -1.0 1.0 -1.0 1.0 1.0 -1.0 1.0 1.0 -1.0 1.0 1.0  ::: 253.0
 -1.0 1.0 1.0 1.0 1.0 1.0 -1.0 1.0 -1.0 1.0 -1.0 1.0 -1.0 -1.0 -1.0 -1.0 -1.0 -1.0 -1.0 1.0  ::: 248.0
 -1.0 -1.0 1.0 1.0 -1.0 -1.0 1.0 1.0 -1.0 1.0 1.0 1.0 -1.0 -1.0 1.0 1.0 -1.0 -1.0 -1.0 1.0  ::: 243.0
 -1.0 -1.0 1.0 1.0 -1.0 -1.0 -1.0 -1.0 -1.0 1.0 1.0 1.0 -1.0 -1.0 1.0 1.0 1.0 1.0 -1.0 1.0  ::: 245.0
 -1.0 -1.0 -1.0 1.0 1.0 1.0 -1.0 -1.0 -1.0 1.0 1.0 1.0 -1.0 -1.0 -1.0 -1.0 1.0 -1.0 1.0 1.0  ::: 245.0
 1.0 -1.0 -1.0 -1.0 -1.0 -1.0 -1.0 -1.0 -1.0 -1.0 1.0 -1.0 1.0 1.0 1.0 1.0 1.0 -1.0 1.0 1.0  ::: 252.0
 1.0 1.0 -1.0 -1.0 1.0 1.0 1.0 1.0 1.0 -1.0 -1.0 -1.0 1.0 1.0 -1.0 -1.0 -1.0 1.0 1.0 -1.0  ::: 245.0
 1.0 -1.0 -1.0 -1.0 -1.0 -1.0 1.0 1.0 1.0 -1.0 1.0 -1.0 1.0 1.0 1.0 1.0 -1.0 1.0 1.0 -1.0  ::: 251.0
 -1.0 -1.0 -1.0 1.0 1.0 1.0 -1.0 -1.0 -1.0 1.0 1.0 1.0 -1.0 -1.0 -1.0 -1.0 1.0 -1.0 1.0 1.0  ::: 245.0
[MAXCUT] CELL 35/80 mc20_9 SA/SAB best=253 mean=248.0 gap=1.98% | elapsed 0:08:02 | ETA 0:10:19

---------------------- RW --- RWB

 Experiments to RW
 0
............ 1.0 -1.0 1.0 -1.0 -1.0 -1.0 1.0 1.0 1.0 1.0 1.0 -1.0 1.0 -1.0 -1.0 1.0 -1.0 1.0 -1.0 1.0  ::: 178.0
 1
............ 1.0 1.0 -1.0 1.0 -1.0 -1.0 -1.0 -1.0 1.0 1.0 1.0 1.0 1.0 1.0 1.0 -1.0 -1.0 1.0 1.0 1.0  ::: 94.0
 2
............ 1.0 -1.0 1.0 -1.0 1.0 1.0 -1.0 1.0 -1.0 -1.0 1.0 -1.0 1.0 1.0 -1.0 1.0 1.0 -1.0 1.0 1.0  ::: 200.0
 3
............ 1.0 -1.0 1.0 -1.0 -1.0 -1.0 1.0 -1.0 -1.0 -1.0 1.0 -1.0 -1.0 -1.0 1.0 -1.0 -1.0 1.0 1.0 1.0  ::: 127.0
 4
............ 1.0 -1.0 1.0 1.0 -1.0 1.0 1.0 1.0 1.0 -1.0 -1.0 -1.0 1.0 1.0 1.0 1.0 -1.0 1.0 1.0 1.0  ::: 163.0
 5
............ 1.0 1.0 1.0 1.0 -1.0 1.0 1.0 -1.0 -1.0 1.0 1.0 1.0 1.0 -1.0 1.0 1.0 -1.0 1.0 1.0 -1.0  ::: 107.0
 6
............ 1.0 -1.0 -1.0 -1.0 -1.0 1.0 -1.0 1.0 -1.0 1.0 -1.0 1.0 -1.0 1.0 1.0 1.0 1.0 1.0 1.0 -1.0  ::: 128.0
 7
............ -1.0 1.0 1.0 -1.0 1.0 -1.0 1.0 -1.0 -1.0 -1.0 1.0 -1.0 -1.0 -1.0 1.0 1.0 1.0 1.0 1.0 -1.0  ::: 115.0
 8
............ -1.0 1.0 1.0 1.0 -1.0 -1.0 -1.0 -1.0 -1.0 1.0 1.0 -1.0 -1.0 -1.0 1.0 1.0 -1.0 -1.0 -1.0 -1.0  ::: 189.0
 9
............ -1.0 -1.0 -1.0 -1.0 -1.0 1.0 -1.0 -1.0 1.0 -1.0 1.0 1.0 -1.0 1.0 -1.0 1.0 -1.0 -1.0 1.0 1.0  ::: 132.0


:: Metaheuristic :: RW---RWB[20000]  
:: N. Experiment.:: 10
-----------------------------------
:: Better fitness :: 253.0
:: Average        :: 247.7
:: St. Deviation  :: 4.026
:: Better Solution in the experiment :: 4
:: N. Better Solution :: 3
 1.0 -1.0 -1.0 -1.0 -1.0 -1.0 -1.0 -1.0 1.0 -1.0 1.0 -1.0 1.0 1.0 1.0 1.0 1.0 -1.0 1.0 -1.0  ::: 253.0

 -1.0 -1.0 1.0 1.0 1.0 1.0 -1.0 -1.0 -1.0 1.0 1.0 1.0 -1.0 -1.0 -1.0 -1.0 1.0 1.0 1.0 1.0  ::: 245.0
 -1.0 1.0 -1.0 -1.0 1.0 1.0 1.0 1.0 -1.0 1.0 -1.0 1.0 1.0 -1.0 -1.0 -1.0 -1.0 -1.0 -1.0 1.0  ::: 245.0
 -1.0 1.0 1.0 1.0 1.0 1.0 -1.0 -1.0 -1.0 1.0 -1.0 1.0 -1.0 -1.0 -1.0 -1.0 1.0 1.0 -1.0 1.0  ::: 251.0
 1.0 -1.0 -1.0 -1.0 -1.0 -1.0 -1.0 -1.0 1.0 -1.0 1.0 -1.0 1.0 1.0 1.0 1.0 1.0 -1.0 1.0 -1.0  ::: 253.0
 1.0 1.0 -1.0 -1.0 -1.0 -1.0 -1.0 -1.0 1.0 -1.0 -1.0 -1.0 1.0 1.0 1.0 1.0 1.0 1.0 -1.0 -1.0  ::: 243.0
 1.0 -1.0 -1.0 -1.0 -1.0 1.0 -1.0 -1.0 -1.0 -1.0 1.0 -1.0 1.0 1.0 -1.0 1.0 1.0 1.0 1.0 1.0  ::: 253.0
 -1.0 1.0 1.0 1.0 1.0 -1.0 1.0 -1.0 1.0 1.0 -1.0 1.0 -1.0 -1.0 1.0 -1.0 1.0 -1.0 -1.0 -1.0  ::: 246.0
 1.0 -1.0 -1.0 -1.0 -1.0 -1.0 -1.0 -1.0 1.0 -1.0 1.0 -1.0 1.0 1.0 1.0 1.0 1.0 -1.0 1.0 -1.0  ::: 253.0
 1.0 -1.0 -1.0 -1.0 -1.0 1.0 1.0 1.0 -1.0 -1.0 1.0 -1.0 1.0 1.0 -1.0 1.0 -1.0 -1.0 1.0 -1.0  ::: 244.0
 -1.0 1.0 1.0 1.0 1.0 1.0 1.0 1.0 -1.0 1.0 -1.0 1.0 -1.0 -1.0 -1.0 -1.0 -1.0 1.0 -1.0 -1.0  ::: 244.0
[MAXCUT] CELL 36/80 mc20_9 RW/RWB best=253 mean=247.7 gap=2.09% | elapsed 0:08:07 | ETA 0:09:55

-------- instance ------ mc20_10  (n=20, totalWeight=1206.0)

---------------------- GRASP --- GRASPc

 Experiments to GRASP
 0
 1
 2
 3
 4
 5
 6
 7
 8
 9


:: Metaheuristic :: GRASP---GRASPc[20000]  
:: N. Experiment.:: 10
-----------------------------------
:: Better fitness :: 834.0
:: Average        :: 834.0
:: St. Deviation  :: 0.0
:: Better Solution in the experiment :: 1
:: N. Better Solution :: 10
 -1.0 -1.0 -1.0 1.0 1.0 1.0 -1.0 -1.0 -1.0 -1.0 1.0 1.0 -1.0 1.0 1.0 1.0 -1.0 1.0 -1.0 1.0  ::: 834.0

 -1.0 -1.0 -1.0 1.0 1.0 1.0 -1.0 -1.0 -1.0 -1.0 1.0 1.0 -1.0 1.0 1.0 1.0 -1.0 1.0 -1.0 1.0  ::: 834.0
 -1.0 -1.0 -1.0 1.0 1.0 1.0 -1.0 -1.0 -1.0 -1.0 1.0 1.0 -1.0 1.0 1.0 1.0 -1.0 1.0 -1.0 1.0  ::: 834.0
 1.0 1.0 1.0 -1.0 -1.0 -1.0 1.0 1.0 1.0 1.0 -1.0 -1.0 1.0 -1.0 -1.0 -1.0 1.0 -1.0 1.0 -1.0  ::: 834.0
 -1.0 -1.0 -1.0 1.0 1.0 1.0 -1.0 -1.0 -1.0 -1.0 1.0 1.0 -1.0 1.0 1.0 1.0 -1.0 1.0 -1.0 1.0  ::: 834.0
 -1.0 -1.0 -1.0 1.0 1.0 1.0 -1.0 -1.0 -1.0 -1.0 1.0 1.0 -1.0 1.0 1.0 1.0 -1.0 1.0 -1.0 1.0  ::: 834.0
 -1.0 -1.0 -1.0 1.0 1.0 1.0 -1.0 -1.0 -1.0 -1.0 1.0 1.0 -1.0 1.0 1.0 1.0 -1.0 1.0 -1.0 1.0  ::: 834.0
 1.0 1.0 1.0 -1.0 -1.0 -1.0 1.0 1.0 1.0 1.0 -1.0 -1.0 1.0 -1.0 -1.0 -1.0 1.0 -1.0 1.0 -1.0  ::: 834.0
 -1.0 -1.0 -1.0 1.0 1.0 1.0 -1.0 -1.0 -1.0 -1.0 1.0 1.0 -1.0 1.0 1.0 1.0 -1.0 1.0 -1.0 1.0  ::: 834.0
 1.0 1.0 1.0 -1.0 -1.0 -1.0 1.0 1.0 1.0 1.0 -1.0 -1.0 1.0 -1.0 -1.0 -1.0 1.0 -1.0 1.0 -1.0  ::: 834.0
 1.0 1.0 1.0 -1.0 -1.0 -1.0 1.0 1.0 1.0 1.0 -1.0 -1.0 1.0 -1.0 -1.0 -1.0 1.0 -1.0 1.0 -1.0  ::: 834.0
[MAXCUT] CELL 37/80 mc20_10 GRASP/GRASPc best=834 mean=834.0 gap=0.00% | elapsed 0:08:14 | ETA 0:09:34

---------------------- GA --- GAB

 Experiments to GA
 0
 1
 2
 3
 4
 5
 6
 7
 8
 9


:: Metaheuristic :: GA---GAB[20000]  
:: N. Experiment.:: 10
-----------------------------------
:: Better fitness :: 834.0
:: Average        :: 834.0
:: St. Deviation  :: 0.0
:: Better Solution in the experiment :: 1
:: N. Better Solution :: 10
 -1.0 -1.0 -1.0 1.0 1.0 1.0 -1.0 -1.0 -1.0 -1.0 1.0 1.0 -1.0 1.0 1.0 1.0 -1.0 1.0 -1.0 1.0  ::: 834.0

 -1.0 -1.0 -1.0 1.0 1.0 1.0 -1.0 -1.0 -1.0 -1.0 1.0 1.0 -1.0 1.0 1.0 1.0 -1.0 1.0 -1.0 1.0  ::: 834.0
 -1.0 -1.0 -1.0 1.0 1.0 1.0 -1.0 -1.0 -1.0 -1.0 1.0 1.0 -1.0 1.0 1.0 1.0 -1.0 1.0 -1.0 1.0  ::: 834.0
 -1.0 -1.0 -1.0 1.0 1.0 1.0 -1.0 -1.0 -1.0 -1.0 1.0 1.0 -1.0 1.0 1.0 1.0 -1.0 1.0 -1.0 1.0  ::: 834.0
 -1.0 -1.0 -1.0 1.0 1.0 1.0 -1.0 -1.0 -1.0 -1.0 1.0 1.0 -1.0 1.0 1.0 1.0 -1.0 1.0 -1.0 1.0  ::: 834.0
 -1.0 -1.0 -1.0 1.0 1.0 1.0 -1.0 -1.0 -1.0 -1.0 1.0 1.0 -1.0 1.0 1.0 1.0 -1.0 1.0 -1.0 1.0  ::: 834.0
 1.0 1.0 1.0 -1.0 -1.0 -1.0 1.0 1.0 1.0 1.0 -1.0 -1.0 1.0 -1.0 -1.0 -1.0 1.0 -1.0 1.0 -1.0  ::: 834.0
 -1.0 -1.0 -1.0 1.0 1.0 1.0 -1.0 -1.0 -1.0 -1.0 1.0 1.0 -1.0 1.0 1.0 1.0 -1.0 1.0 -1.0 1.0  ::: 834.0
 1.0 1.0 1.0 -1.0 -1.0 -1.0 1.0 1.0 1.0 1.0 -1.0 -1.0 1.0 -1.0 -1.0 -1.0 1.0 -1.0 1.0 -1.0  ::: 834.0
 -1.0 -1.0 -1.0 1.0 1.0 1.0 -1.0 -1.0 -1.0 -1.0 1.0 1.0 -1.0 1.0 1.0 1.0 -1.0 1.0 -1.0 1.0  ::: 834.0
 1.0 1.0 1.0 -1.0 -1.0 -1.0 1.0 1.0 1.0 1.0 -1.0 -1.0 1.0 -1.0 -1.0 -1.0 1.0 -1.0 1.0 -1.0  ::: 834.0
[MAXCUT] CELL 38/80 mc20_10 GA/GAB best=834 mean=834.0 gap=0.00% | elapsed 0:08:48 | ETA 0:09:44

---------------------- SA --- SAB

 Experiments to SA
 0
 1
 2
 3
 4
 5
 6
 7
 8
 9


:: Metaheuristic :: SA---SAB[20000]  
:: N. Experiment.:: 10
-----------------------------------
:: Better fitness :: 823.0
:: Average        :: 803.1
:: St. Deviation  :: 10.454
:: Better Solution in the experiment :: 5
:: N. Better Solution :: 1
 1.0 -1.0 -1.0 1.0 1.0 -1.0 -1.0 -1.0 -1.0 1.0 1.0 1.0 -1.0 1.0 -1.0 1.0 -1.0 1.0 -1.0 1.0  ::: 823.0

 1.0 1.0 -1.0 -1.0 1.0 -1.0 -1.0 -1.0 -1.0 1.0 1.0 1.0 -1.0 1.0 -1.0 1.0 -1.0 1.0 -1.0 1.0  ::: 786.0
 1.0 -1.0 -1.0 1.0 1.0 -1.0 -1.0 -1.0 -1.0 1.0 1.0 1.0 1.0 -1.0 -1.0 1.0 -1.0 1.0 -1.0 1.0  ::: 808.0
 -1.0 -1.0 -1.0 1.0 1.0 -1.0 -1.0 -1.0 1.0 1.0 1.0 1.0 -1.0 1.0 1.0 -1.0 -1.0 1.0 -1.0 1.0  ::: 791.0
 -1.0 1.0 1.0 -1.0 -1.0 1.0 1.0 1.0 1.0 -1.0 -1.0 -1.0 -1.0 1.0 1.0 -1.0 1.0 -1.0 1.0 -1.0  ::: 808.0
 1.0 -1.0 -1.0 1.0 1.0 -1.0 -1.0 -1.0 -1.0 1.0 1.0 1.0 -1.0 1.0 -1.0 1.0 -1.0 1.0 -1.0 1.0  ::: 823.0
 1.0 1.0 1.0 -1.0 -1.0 -1.0 1.0 1.0 1.0 -1.0 -1.0 -1.0 1.0 -1.0 -1.0 -1.0 1.0 -1.0 1.0 -1.0  ::: 801.0
 -1.0 -1.0 -1.0 1.0 1.0 1.0 -1.0 -1.0 -1.0 -1.0 1.0 1.0 1.0 -1.0 1.0 1.0 -1.0 1.0 -1.0 1.0  ::: 815.0
 1.0 1.0 -1.0 1.0 1.0 -1.0 -1.0 -1.0 -1.0 1.0 1.0 1.0 1.0 -1.0 -1.0 1.0 -1.0 1.0 -1.0 1.0  ::: 797.0
 -1.0 -1.0 -1.0 1.0 1.0 1.0 1.0 -1.0 -1.0 -1.0 1.0 1.0 -1.0 -1.0 1.0 1.0 -1.0 1.0 -1.0 1.0  ::: 804.0
 1.0 1.0 1.0 -1.0 -1.0 1.0 1.0 1.0 1.0 1.0 -1.0 -1.0 -1.0 1.0 -1.0 -1.0 1.0 -1.0 1.0 -1.0  ::: 798.0
[MAXCUT] CELL 39/80 mc20_10 SA/SAB best=823 mean=803.1 gap=3.71% | elapsed 0:08:53 | ETA 0:09:20

---------------------- RW --- RWB

 Experiments to RW
 0
............ 1.0 -1.0 1.0 -1.0 -1.0 1.0 1.0 -1.0 -1.0 -1.0 1.0 -1.0 -1.0 1.0 1.0 1.0 1.0 -1.0 -1.0 -1.0  ::: 630.0
 1
............ -1.0 1.0 -1.0 -1.0 1.0 -1.0 1.0 1.0 -1.0 1.0 1.0 1.0 -1.0 1.0 -1.0 1.0 -1.0 -1.0 1.0 1.0  ::: 598.0
 2
............ -1.0 -1.0 -1.0 -1.0 1.0 -1.0 -1.0 1.0 -1.0 -1.0 -1.0 1.0 -1.0 -1.0 -1.0 1.0 1.0 -1.0 -1.0 1.0  ::: 528.0
 3
............ -1.0 -1.0 1.0 -1.0 -1.0 1.0 -1.0 1.0 1.0 1.0 -1.0 1.0 1.0 -1.0 1.0 -1.0 -1.0 1.0 -1.0 -1.0  ::: 570.0
 4
............ 1.0 1.0 1.0 1.0 1.0 1.0 1.0 -1.0 1.0 -1.0 1.0 -1.0 -1.0 1.0 1.0 1.0 1.0 -1.0 1.0 1.0  ::: 441.0
 5
............ 1.0 1.0 -1.0 -1.0 -1.0 -1.0 1.0 -1.0 -1.0 1.0 -1.0 1.0 -1.0 -1.0 1.0 -1.0 1.0 1.0 -1.0 1.0  ::: 584.0
 6
............ -1.0 1.0 -1.0 -1.0 -1.0 -1.0 1.0 -1.0 -1.0 -1.0 -1.0 -1.0 -1.0 -1.0 1.0 1.0 1.0 1.0 -1.0 1.0  ::: 557.0
 7
............ 1.0 1.0 -1.0 1.0 1.0 -1.0 -1.0 -1.0 1.0 -1.0 1.0 -1.0 1.0 -1.0 -1.0 -1.0 -1.0 -1.0 -1.0 -1.0  ::: 671.0
 8
............ 1.0 -1.0 -1.0 1.0 -1.0 -1.0 -1.0 1.0 -1.0 -1.0 1.0 1.0 1.0 1.0 1.0 1.0 -1.0 1.0 1.0 1.0  ::: 567.0
 9
............ 1.0 1.0 1.0 1.0 1.0 1.0 -1.0 1.0 1.0 1.0 -1.0 -1.0 1.0 -1.0 1.0 -1.0 1.0 -1.0 1.0 -1.0  ::: 633.0


:: Metaheuristic :: RW---RWB[20000]  
:: N. Experiment.:: 10
-----------------------------------
:: Better fitness :: 834.0
:: Average        :: 805.2
:: St. Deviation  :: 14.682
:: Better Solution in the experiment :: 6
:: N. Better Solution :: 1
 1.0 1.0 1.0 -1.0 -1.0 -1.0 1.0 1.0 1.0 1.0 -1.0 -1.0 1.0 -1.0 -1.0 -1.0 1.0 -1.0 1.0 -1.0  ::: 834.0

 -1.0 -1.0 -1.0 1.0 1.0 1.0 -1.0 -1.0 -1.0 1.0 1.0 1.0 -1.0 1.0 1.0 1.0 -1.0 1.0 -1.0 1.0  ::: 801.0
 -1.0 -1.0 1.0 1.0 -1.0 1.0 -1.0 1.0 -1.0 1.0 -1.0 -1.0 1.0 -1.0 -1.0 1.0 1.0 -1.0 1.0 -1.0  ::: 819.0
 1.0 -1.0 -1.0 1.0 1.0 -1.0 -1.0 -1.0 -1.0 1.0 1.0 1.0 1.0 -1.0 -1.0 1.0 -1.0 1.0 -1.0 1.0  ::: 808.0
 -1.0 -1.0 -1.0 1.0 1.0 -1.0 -1.0 -1.0 -1.0 1.0 1.0 1.0 -1.0 1.0 1.0 -1.0 -1.0 1.0 -1.0 1.0  ::: 818.0
 -1.0 -1.0 -1.0 1.0 1.0 -1.0 1.0 -1.0 1.0 -1.0 1.0 1.0 -1.0 -1.0 1.0 -1.0 -1.0 1.0 -1.0 1.0  ::: 786.0
 1.0 1.0 1.0 -1.0 -1.0 -1.0 1.0 1.0 1.0 1.0 -1.0 -1.0 1.0 -1.0 -1.0 -1.0 1.0 -1.0 1.0 -1.0  ::: 834.0
 -1.0 -1.0 1.0 1.0 -1.0 1.0 -1.0 1.0 -1.0 1.0 -1.0 -1.0 -1.0 1.0 1.0 1.0 1.0 -1.0 1.0 -1.0  ::: 796.0
 -1.0 -1.0 1.0 1.0 1.0 -1.0 -1.0 -1.0 -1.0 -1.0 1.0 1.0 -1.0 1.0 1.0 -1.0 -1.0 1.0 -1.0 1.0  ::: 788.0
 1.0 1.0 1.0 -1.0 -1.0 1.0 -1.0 1.0 1.0 1.0 -1.0 -1.0 1.0 -1.0 -1.0 -1.0 1.0 -1.0 1.0 -1.0  ::: 810.0
 -1.0 -1.0 -1.0 1.0 1.0 1.0 1.0 -1.0 -1.0 -1.0 1.0 1.0 1.0 -1.0 -1.0 1.0 -1.0 1.0 -1.0 1.0  ::: 792.0
[MAXCUT] CELL 40/80 mc20_10 RW/RWB best=834 mean=805.2 gap=3.45% | elapsed 0:08:58 | ETA 0:08:58
