===============================================
 Max-Cut :: GRASP vs GA vs SA vs RW
 Instancias (bloques) : 5
 Series               : ['GRASP/GRASPc', 'GA/GAB', 'SA/SAB', 'RW/RWB']
 Corridas por serie   : [10, 10, 10, 10]
 Evaluaciones/corrida : 20000
 Referencia de calidad: opt/optimums.txt (optimo exacto)
===============================================
[MAXCUT] START 20 celdas (5 instancias x 4 series), 20000 evals

-------- instance ------ mc20_1  (n=20, totalWeight=1109.0)

---------------------- GRASP --- GRASPc

 Experiments to GRASP
 0
 1
 2
 3
 4
 5
 6
 7
 8
 9


:: Metaheuristic :: GRASP---GRASPc[20000]  
:: N. Experiment.:: 10
-----------------------------------
:: Better fitness :: 824.0
:: Average        :: 824.0
:: St. Deviation  :: 0.0
:: Better Solution in the experiment :: 1
:: N. Better Solution :: 10
 1.0 1.0 1.0 -1.0 -1.0 -1.0 1.0 -1.0 -1.0 1.0 -1.0 1.0 -1.0 -1.0 -1.0 -1.0 1.0 -1.0 1.0 1.0  ::: 824.0

 1.0 1.0 1.0 -1.0 -1.0 -1.0 1.0 -1.0 -1.0 1.0 -1.0 1.0 -1.0 -1.0 -1.0 -1.0 1.0 -1.0 1.0 1.0  ::: 824.0
 1.0 1.0 1.0 -1.0 -1.0 -1.0 1.0 -1.0 -1.0 1.0 -1.0 1.0 -1.0 -1.0 -1.0 -1.0 1.0 -1.0 1.0 1.0  ::: 824.0
 1.0 1.0 1.0 -1.0 -1.0 -1.0 1.0 -1.0 -1.0 1.0 -1.0 1.0 -1.0 -1.0 -1.0 -1.0 1.0 -1.0 1.0 1.0  ::: 824.0
 1.0 1.0 1.0 -1.0 -1.0 -1.0 1.0 -1.0 -1.0 1.0 -1.0 1.0 -1.0 -1.0 -1.0 -1.0 1.0 -1.0 1.0 1.0  ::: 824.0
 -1.0 -1.0 -1.0 1.0 1.0 1.0 -1.0 1.0 1.0 -1.0 1.0 -1.0 1.0 1.0 1.0 1.0 -1.0 1.0 -1.0 -1.0  ::: 824.0
 1.0 1.0 1.0 -1.0 -1.0 -1.0 1.0 -1.0 -1.0 1.0 -1.0 1.0 -1.0 -1.0 -1.0 -1.0 1.0 -1.0 1.0 1.0  ::: 824.0
 1.0 1.0 1.0 -1.0 -1.0 -1.0 1.0 -1.0 -1.0 1.0 -1.0 1.0 -1.0 -1.0 -1.0 -1.0 1.0 -1.0 1.0 1.0  ::: 824.0
 1.0 1.0 1.0 -1.0 -1.0 -1.0 1.0 -1.0 -1.0 1.0 -1.0 1.0 -1.0 -1.0 -1.0 -1.0 1.0 -1.0 1.0 1.0  ::: 824.0
 1.0 1.0 1.0 -1.0 -1.0 -1.0 1.0 -1.0 -1.0 1.0 -1.0 1.0 -1.0 -1.0 -1.0 -1.0 1.0 -1.0 1.0 1.0  ::: 824.0
 1.0 1.0 1.0 -1.0 -1.0 -1.0 1.0 -1.0 -1.0 1.0 -1.0 1.0 -1.0 -1.0 -1.0 -1.0 1.0 -1.0 1.0 1.0  ::: 824.0
[MAXCUT] CELL 1/20 mc20_1 GRASP/GRASPc best=824 mean=824.0 gap=0.00% | elapsed 0:00:07 | ETA 0:02:22

---------------------- GA --- GAB

 Experiments to GA
 0
 1
 2
 3
 4
 5
 6
 7
 8
 9


:: Metaheuristic :: GA---GAB[20000]  
:: N. Experiment.:: 10
-----------------------------------
:: Better fitness :: 824.0
:: Average        :: 824.0
:: St. Deviation  :: 0.0
:: Better Solution in the experiment :: 1
:: N. Better Solution :: 10
 -1.0 -1.0 -1.0 1.0 1.0 1.0 -1.0 1.0 1.0 -1.0 1.0 -1.0 1.0 1.0 1.0 1.0 -1.0 1.0 -1.0 -1.0  ::: 824.0

 -1.0 -1.0 -1.0 1.0 1.0 1.0 -1.0 1.0 1.0 -1.0 1.0 -1.0 1.0 1.0 1.0 1.0 -1.0 1.0 -1.0 -1.0  ::: 824.0
 -1.0 -1.0 -1.0 1.0 1.0 1.0 -1.0 1.0 1.0 -1.0 1.0 -1.0 1.0 1.0 1.0 1.0 -1.0 1.0 -1.0 -1.0  ::: 824.0
 -1.0 -1.0 -1.0 1.0 1.0 1.0 -1.0 1.0 1.0 -1.0 1.0 -1.0 1.0 1.0 1.0 1.0 -1.0 1.0 -1.0 -1.0  ::: 824.0
 -1.0 -1.0 -1.0 1.0 1.0 1.0 -1.0 1.0 1.0 -1.0 1.0 -1.0 1.0 1.0 1.0 1.0 -1.0 1.0 -1.0 -1.0  ::: 824.0
 -1.0 -1.0 -1.0 1.0 1.0 1.0 -1.0 1.0 1.0 -1.0 1.0 -1.0 1.0 1.0 1.0 1.0 -1.0 1.0 -1.0 -1.0  ::: 824.0
 -1.0 -1.0 -1.0 1.0 1.0 1.0 -1.0 1.0 1.0 -1.0 1.0 -1.0 1.0 1.0 1.0 1.0 -1.0 1.0 -1.0 -1.0  ::: 824.0
 1.0 1.0 1.0 -1.0 -1.0 -1.0 1.0 -1.0 -1.0 1.0 -1.0 1.0 -1.0 -1.0 -1.0 -1.0 1.0 -1.0 1.0 1.0  ::: 824.0
 -1.0 -1.0 -1.0 1.0 1.0 1.0 -1.0 1.0 1.0 -1.0 1.0 -1.0 1.0 1.0 1.0 1.0 -1.0 1.0 -1.0 -1.0  ::: 824.0
 -1.0 -1.0 -1.0 1.0 1.0 1.0 -1.0 1.0 1.0 -1.0 1.0 -1.0 1.0 1.0 1.0 1.0 -1.0 1.0 -1.0 -1.0  ::: 824.0
 -1.0 -1.0 -1.0 1.0 1.0 1.0 -1.0 1.0 1.0 -1.0 1.0 -1.0 1.0 1.0 1.0 1.0 -1.0 1.0 -1.0 -1.0  ::: 824.0
[MAXCUT] CELL 2/20 mc20_1 GA/GAB best=824 mean=824.0 gap=0.00% | elapsed 0:00:57 | ETA 0:08:39

---------------------- SA --- SAB

 Experiments to SA
 0
 1
 2
 3
 4
 5
 6
 7
 8
 9


:: Metaheuristic :: SA---SAB[20000]  
:: N. Experiment.:: 10
-----------------------------------
:: Better fitness :: 814.0
:: Average        :: 786.3
:: St. Deviation  :: 13.682
:: Better Solution in the experiment :: 4
:: N. Better Solution :: 1
 -1.0 -1.0 -1.0 1.0 1.0 -1.0 1.0 1.0 1.0 -1.0 1.0 -1.0 1.0 1.0 1.0 1.0 -1.0 1.0 -1.0 -1.0  ::: 814.0

 -1.0 -1.0 -1.0 1.0 1.0 1.0 1.0 -1.0 1.0 -1.0 1.0 -1.0 1.0 1.0 1.0 1.0 -1.0 -1.0 -1.0 -1.0  ::: 800.0
 1.0 1.0 -1.0 -1.0 -1.0 -1.0 1.0 -1.0 -1.0 1.0 1.0 1.0 -1.0 -1.0 -1.0 -1.0 1.0 -1.0 1.0 1.0  ::: 781.0
 1.0 1.0 1.0 -1.0 -1.0 -1.0 1.0 1.0 -1.0 1.0 -1.0 1.0 -1.0 -1.0 -1.0 -1.0 -1.0 1.0 1.0 1.0  ::: 785.0
 -1.0 -1.0 -1.0 1.0 1.0 -1.0 1.0 1.0 1.0 -1.0 1.0 -1.0 1.0 1.0 1.0 1.0 -1.0 1.0 -1.0 -1.0  ::: 814.0
 1.0 1.0 1.0 -1.0 -1.0 -1.0 1.0 -1.0 -1.0 -1.0 1.0 1.0 -1.0 -1.0 -1.0 -1.0 1.0 -1.0 1.0 1.0  ::: 766.0
 1.0 1.0 1.0 -1.0 -1.0 -1.0 1.0 -1.0 -1.0 -1.0 1.0 1.0 -1.0 -1.0 -1.0 -1.0 1.0 1.0 1.0 1.0  ::: 771.0
 -1.0 -1.0 -1.0 1.0 -1.0 1.0 1.0 1.0 1.0 -1.0 -1.0 -1.0 1.0 1.0 1.0 1.0 -1.0 1.0 -1.0 -1.0  ::: 778.0
 1.0 1.0 -1.0 -1.0 -1.0 -1.0 1.0 -1.0 -1.0 1.0 1.0 1.0 -1.0 -1.0 -1.0 -1.0 1.0 -1.0 1.0 1.0  ::: 781.0
 -1.0 -1.0 -1.0 1.0 -1.0 -1.0 1.0 1.0 1.0 -1.0 1.0 -1.0 1.0 1.0 1.0 1.0 -1.0 1.0 -1.0 -1.0  ::: 789.0
 1.0 1.0 1.0 -1.0 -1.0 -1.0 1.0 1.0 -1.0 1.0 -1.0 1.0 -1.0 -1.0 -1.0 -1.0 1.0 1.0 1.0 1.0  ::: 798.0
[MAXCUT] CELL 3/20 mc20_1 SA/SAB best=814 mean=786.3 gap=4.58% | elapsed 0:01:01 | ETA 0:05:50

---------------------- RW --- RWB

 Experiments to RW
 0
............ -1.0 -1.0 -1.0 1.0 -1.0 1.0 -1.0 1.0 -1.0 1.0 -1.0 1.0 1.0 1.0 1.0 -1.0 1.0 -1.0 -1.0 -1.0  ::: 578.0
 1
............ 1.0 1.0 -1.0 -1.0 -1.0 -1.0 -1.0 1.0 -1.0 1.0 1.0 -1.0 -1.0 -1.0 1.0 -1.0 -1.0 1.0 1.0 1.0  ::: 574.0
 2
............ -1.0 1.0 -1.0 -1.0 -1.0 -1.0 -1.0 1.0 1.0 1.0 1.0 1.0 -1.0 1.0 1.0 1.0 -1.0 1.0 1.0 1.0  ::: 497.0
 3
............ 1.0 1.0 -1.0 1.0 1.0 -1.0 1.0 1.0 1.0 1.0 -1.0 1.0 1.0 -1.0 -1.0 -1.0 1.0 1.0 -1.0 -1.0  ::: 511.0
 4
............ -1.0 1.0 1.0 -1.0 -1.0 1.0 1.0 -1.0 1.0 -1.0 -1.0 1.0 1.0 -1.0 -1.0 1.0 -1.0 -1.0 -1.0 1.0  ::: 436.0
 5
............ -1.0 -1.0 -1.0 -1.0 -1.0 1.0 -1.0 1.0 1.0 -1.0 1.0 1.0 -1.0 1.0 -1.0 1.0 -1.0 -1.0 -1.0 -1.0  ::: 559.0
 6
............ -1.0 -1.0 -1.0 1.0 1.0 1.0 1.0 1.0 1.0 -1.0 1.0 -1.0 -1.0 -1.0 -1.0 -1.0 1.0 1.0 -1.0 -1.0  ::: 609.0
 7
............ 1.0 -1.0 1.0 1.0 1.0 1.0 -1.0 -1.0 -1.0 -1.0 1.0 -1.0 -1.0 1.0 -1.0 1.0 1.0 -1.0 -1.0 -1.0  ::: 523.0
 8
............ -1.0 -1.0 -1.0 -1.0 -1.0 -1.0 -1.0 -1.0 -1.0 1.0 1.0 -1.0 -1.0 1.0 -1.0 -1.0 1.0 -1.0 -1.0 -1.0  ::: 369.0
 9
............ 1.0 1.0 1.0 -1.0 1.0 -1.0 -1.0 1.0 1.0 1.0 -1.0 1.0 1.0 1.0 1.0 1.0 -1.0 1.0 -1.0 -1.0  ::: 563.0


:: Metaheuristic :: RW---RWB[20000]  
:: N. Experiment.:: 10
-----------------------------------
:: Better fitness :: 817.0
:: Average        :: 789.0
:: St. Deviation  :: 13.653
:: Better Solution in the experiment :: 7
:: N. Better Solution :: 1
 1.0 1.0 1.0 -1.0 -1.0 -1.0 1.0 1.0 -1.0 1.0 -1.0 1.0 -1.0 -1.0 -1.0 -1.0 1.0 -1.0 1.0 1.0  ::: 817.0

 1.0 1.0 1.0 -1.0 -1.0 -1.0 -1.0 -1.0 -1.0 1.0 -1.0 1.0 -1.0 -1.0 1.0 -1.0 1.0 -1.0 1.0 1.0  ::: 771.0
 -1.0 -1.0 -1.0 1.0 1.0 1.0 1.0 -1.0 1.0 -1.0 1.0 -1.0 1.0 1.0 1.0 1.0 1.0 -1.0 -1.0 -1.0  ::: 787.0
 1.0 1.0 1.0 -1.0 -1.0 1.0 -1.0 1.0 -1.0 1.0 -1.0 1.0 -1.0 -1.0 -1.0 -1.0 -1.0 -1.0 1.0 1.0  ::: 802.0
 1.0 1.0 -1.0 -1.0 -1.0 1.0 -1.0 -1.0 1.0 1.0 1.0 1.0 -1.0 -1.0 -1.0 -1.0 1.0 -1.0 1.0 1.0  ::: 775.0
 -1.0 -1.0 -1.0 1.0 1.0 1.0 1.0 1.0 1.0 -1.0 -1.0 -1.0 1.0 1.0 1.0 1.0 -1.0 -1.0 -1.0 -1.0  ::: 800.0
 -1.0 1.0 -1.0 1.0 1.0 1.0 -1.0 -1.0 1.0 -1.0 1.0 -1.0 1.0 1.0 1.0 1.0 -1.0 -1.0 -1.0 -1.0  ::: 778.0
 1.0 1.0 1.0 -1.0 -1.0 -1.0 1.0 1.0 -1.0 1.0 -1.0 1.0 -1.0 -1.0 -1.0 -1.0 1.0 -1.0 1.0 1.0  ::: 817.0
 1.0 -1.0 1.0 -1.0 1.0 1.0 -1.0 1.0 -1.0 1.0 -1.0 1.0 -1.0 -1.0 -1.0 -1.0 -1.0 1.0 1.0 1.0  ::: 786.0
 -1.0 1.0 -1.0 1.0 -1.0 -1.0 1.0 -1.0 1.0 -1.0 1.0 -1.0 1.0 1.0 1.0 1.0 1.0 1.0 -1.0 -1.0  ::: 779.0
 -1.0 -1.0 -1.0 1.0 1.0 -1.0 1.0 1.0 1.0 -1.0 1.0 -1.0 1.0 1.0 1.0 1.0 -1.0 -1.0 -1.0 -1.0  ::: 795.0
[MAXCUT] CELL 4/20 mc20_1 RW/RWB best=817 mean=789.0 gap=4.25% | elapsed 0:01:07 | ETA 0:04:28

-------- instance ------ mc20_2  (n=20, totalWeight=878.0)

---------------------- GRASP --- GRASPc

 Experiments to GRASP
 0
 1
 2
 3
 4
 5
 6
 7
 8
 9


:: Metaheuristic :: GRASP---GRASPc[20000]  
:: N. Experiment.:: 10
-----------------------------------
:: Better fitness :: 627.0
:: Average        :: 627.0
:: St. Deviation  :: 0.0
:: Better Solution in the experiment :: 1
:: N. Better Solution :: 10
 -1.0 -1.0 -1.0 1.0 1.0 -1.0 1.0 -1.0 -1.0 1.0 1.0 1.0 -1.0 -1.0 -1.0 1.0 1.0 1.0 1.0 -1.0  ::: 627.0

 -1.0 -1.0 -1.0 1.0 1.0 -1.0 1.0 -1.0 -1.0 1.0 1.0 1.0 -1.0 -1.0 -1.0 1.0 1.0 1.0 1.0 -1.0  ::: 627.0
 1.0 1.0 1.0 -1.0 -1.0 1.0 -1.0 1.0 1.0 -1.0 -1.0 -1.0 1.0 1.0 1.0 -1.0 -1.0 -1.0 -1.0 1.0  ::: 627.0
 1.0 1.0 1.0 -1.0 -1.0 1.0 -1.0 1.0 1.0 -1.0 -1.0 -1.0 1.0 1.0 1.0 -1.0 -1.0 -1.0 -1.0 1.0  ::: 627.0
 -1.0 -1.0 -1.0 1.0 1.0 -1.0 1.0 -1.0 -1.0 1.0 1.0 1.0 -1.0 -1.0 -1.0 1.0 1.0 1.0 1.0 -1.0  ::: 627.0
 -1.0 -1.0 -1.0 1.0 1.0 -1.0 1.0 -1.0 -1.0 1.0 1.0 1.0 -1.0 -1.0 -1.0 1.0 1.0 1.0 1.0 -1.0  ::: 627.0
 -1.0 -1.0 -1.0 1.0 1.0 -1.0 1.0 -1.0 -1.0 1.0 1.0 1.0 -1.0 -1.0 -1.0 1.0 1.0 1.0 1.0 -1.0  ::: 627.0
 1.0 1.0 1.0 -1.0 -1.0 1.0 -1.0 1.0 1.0 -1.0 -1.0 -1.0 1.0 1.0 1.0 -1.0 -1.0 -1.0 -1.0 1.0  ::: 627.0
 1.0 1.0 1.0 -1.0 -1.0 1.0 -1.0 1.0 1.0 -1.0 -1.0 -1.0 1.0 1.0 1.0 -1.0 -1.0 -1.0 -1.0 1.0  ::: 627.0
 -1.0 -1.0 -1.0 1.0 1.0 -1.0 1.0 -1.0 -1.0 1.0 1.0 1.0 -1.0 -1.0 -1.0 1.0 1.0 1.0 1.0 -1.0  ::: 627.0
 -1.0 -1.0 -1.0 1.0 1.0 -1.0 1.0 -1.0 -1.0 1.0 1.0 1.0 -1.0 -1.0 -1.0 1.0 1.0 1.0 1.0 -1.0  ::: 627.0
[MAXCUT] CELL 5/20 mc20_2 GRASP/GRASPc best=627 mean=627.0 gap=0.00% | elapsed 0:01:14 | ETA 0:03:43

---------------------- GA --- GAB

 Experiments to GA
 0
 1
 2
 3
 4
 5
 6
 7
 8
 9


:: Metaheuristic :: GA---GAB[20000]  
:: N. Experiment.:: 10
-----------------------------------
:: Better fitness :: 627.0
:: Average        :: 625.4
:: St. Deviation  :: 4.8
:: Better Solution in the experiment :: 1
:: N. Better Solution :: 9
 -1.0 -1.0 -1.0 1.0 1.0 -1.0 1.0 -1.0 -1.0 1.0 1.0 1.0 -1.0 -1.0 -1.0 1.0 1.0 1.0 1.0 -1.0  ::: 627.0

 -1.0 -1.0 -1.0 1.0 1.0 -1.0 1.0 -1.0 -1.0 1.0 1.0 1.0 -1.0 -1.0 -1.0 1.0 1.0 1.0 1.0 -1.0  ::: 627.0
 1.0 1.0 1.0 -1.0 -1.0 1.0 -1.0 1.0 1.0 -1.0 -1.0 -1.0 1.0 1.0 1.0 -1.0 -1.0 -1.0 -1.0 1.0  ::: 627.0
 -1.0 -1.0 -1.0 1.0 1.0 -1.0 1.0 -1.0 -1.0 1.0 1.0 1.0 -1.0 -1.0 -1.0 1.0 1.0 1.0 1.0 -1.0  ::: 627.0
 -1.0 -1.0 -1.0 1.0 1.0 -1.0 1.0 -1.0 -1.0 1.0 1.0 1.0 -1.0 -1.0 -1.0 1.0 1.0 1.0 1.0 -1.0  ::: 627.0
 1.0 1.0 1.0 -1.0 -1.0 1.0 -1.0 1.0 1.0 -1.0 -1.0 -1.0 1.0 1.0 1.0 -1.0 -1.0 -1.0 -1.0 1.0  ::: 627.0
 -1.0 -1.0 -1.0 1.0 1.0 -1.0 1.0 -1.0 -1.0 1.0 1.0 1.0 -1.0 -1.0 -1.0 1.0 1.0 1.0 1.0 -1.0  ::: 627.0
 -1.0 1.0 -1.0 1.0 -1.0 1.0 -1.0 1.0 1.0 -1.0 1.0 -1.0 1.0 1.0 1.0 -1.0 -1.0 1.0 -1.0 1.0  ::: 611.0
 -1.0 -1.0 -1.0 1.0 1.0 -1.0 1.0 -1.0 -1.0 1.0 1.0 1.0 -1.0 -1.0 -1.0 1.0 1.0 1.0 1.0 -1.0  ::: 627.0
 -1.0 -1.0 -1.0 1.0 1.0 -1.0 1.0 -1.0 -1.0 1.0 1.0 1.0 -1.0 -1.0 -1.0 1.0 1.0 1.0 1.0 -1.0  ::: 627.0
 -1.0 -1.0 -1.0 1.0 1.0 -1.0 1.0 -1.0 -1.0 1.0 1.0 1.0 -1.0 -1.0 -1.0 1.0 1.0 1.0 1.0 -1.0  ::: 627.0
[MAXCUT] CELL 6/20 mc20_2 GA/GAB best=627 mean=625.4 gap=0.26% | elapsed 0:01:42 | ETA 0:03:58

---------------------- SA --- SAB

 Experiments to SA
 0
 1
 2
 3
 4
 5
 6
 7
 8
 9


:: Metaheuristic :: SA---SAB[20000]  
:: N. Experiment.:: 10
-----------------------------------
:: Better fitness :: 611.0
:: Average        :: 598.6
:: St. Deviation  :: 5.463
:: Better Solution in the experiment :: 9
:: N. Better Solution :: 1
 1.0 1.0 -1.0 -1.0 -1.0 1.0 -1.0 -1.0 1.0 -1.0 -1.0 -1.0 1.0 1.0 1.0 -1.0 -1.0 -1.0 1.0 1.0  ::: 611.0

 1.0 1.0 -1.0 1.0 -1.0 1.0 -1.0 1.0 1.0 -1.0 1.0 -1.0 1.0 1.0 1.0 -1.0 -1.0 1.0 -1.0 1.0  ::: 591.0
 1.0 1.0 -1.0 1.0 -1.0 1.0 -1.0 1.0 1.0 -1.0 -1.0 1.0 1.0 -1.0 1.0 -1.0 -1.0 1.0 1.0 1.0  ::: 595.0
 1.0 1.0 -1.0 1.0 -1.0 1.0 -1.0 1.0 1.0 -1.0 -1.0 1.0 1.0 -1.0 1.0 -1.0 -1.0 1.0 1.0 1.0  ::: 595.0
 1.0 -1.0 1.0 1.0 1.0 -1.0 1.0 -1.0 -1.0 1.0 -1.0 1.0 -1.0 -1.0 1.0 1.0 -1.0 -1.0 1.0 -1.0  ::: 604.0
 -1.0 1.0 -1.0 1.0 -1.0 1.0 -1.0 -1.0 1.0 -1.0 1.0 -1.0 1.0 1.0 1.0 -1.0 -1.0 1.0 1.0 1.0  ::: 602.0
 -1.0 -1.0 1.0 -1.0 1.0 -1.0 1.0 1.0 -1.0 -1.0 1.0 1.0 -1.0 1.0 -1.0 1.0 1.0 1.0 -1.0 -1.0  ::: 596.0
 1.0 -1.0 1.0 -1.0 1.0 -1.0 1.0 1.0 -1.0 1.0 -1.0 1.0 -1.0 -1.0 -1.0 1.0 1.0 1.0 -1.0 -1.0  ::: 598.0
 -1.0 1.0 -1.0 1.0 -1.0 -1.0 1.0 -1.0 -1.0 1.0 1.0 1.0 -1.0 -1.0 -1.0 1.0 1.0 1.0 1.0 -1.0  ::: 599.0
 1.0 1.0 -1.0 -1.0 -1.0 1.0 -1.0 -1.0 1.0 -1.0 -1.0 -1.0 1.0 1.0 1.0 -1.0 -1.0 -1.0 1.0 1.0  ::: 611.0
 -1.0 -1.0 1.0 -1.0 1.0 -1.0 1.0 -1.0 -1.0 1.0 1.0 -1.0 -1.0 1.0 -1.0 1.0 1.0 -1.0 -1.0 -1.0  ::: 595.0
[MAXCUT] CELL 7/20 mc20_2 SA/SAB best=611 mean=598.6 gap=4.53% | elapsed 0:01:46 | ETA 0:03:17

---------------------- RW --- RWB

 Experiments to RW
 0
............ 1.0 1.0 1.0 -1.0 1.0 -1.0 1.0 1.0 -1.0 -1.0 -1.0 1.0 -1.0 -1.0 -1.0 -1.0 -1.0 1.0 -1.0 1.0  ::: 495.0
 1
............ 1.0 -1.0 1.0 -1.0 1.0 -1.0 1.0 -1.0 -1.0 1.0 1.0 -1.0 -1.0 -1.0 -1.0 -1.0 -1.0 -1.0 1.0 1.0  ::: 459.0
 2
............ 1.0 -1.0 -1.0 1.0 -1.0 1.0 1.0 -1.0 1.0 1.0 -1.0 -1.0 -1.0 -1.0 -1.0 -1.0 -1.0 1.0 1.0 1.0  ::: 481.0
 3
............ 1.0 -1.0 1.0 1.0 -1.0 -1.0 1.0 1.0 1.0 1.0 -1.0 -1.0 -1.0 1.0 -1.0 -1.0 1.0 1.0 -1.0 -1.0  ::: 479.0
 4
............ -1.0 1.0 1.0 1.0 -1.0 -1.0 1.0 -1.0 1.0 -1.0 1.0 1.0 1.0 1.0 1.0 1.0 -1.0 1.0 -1.0 1.0  ::: 444.0
 5
............ 1.0 1.0 1.0 1.0 -1.0 -1.0 1.0 -1.0 1.0 -1.0 1.0 -1.0 1.0 1.0 1.0 -1.0 -1.0 1.0 -1.0 -1.0  ::: 481.0
 6
............ -1.0 -1.0 1.0 -1.0 -1.0 -1.0 -1.0 1.0 1.0 -1.0 -1.0 -1.0 1.0 1.0 1.0 1.0 1.0 1.0 1.0 -1.0  ::: 425.0
 7
............ 1.0 1.0 -1.0 -1.0 -1.0 -1.0 1.0 -1.0 -1.0 1.0 -1.0 -1.0 -1.0 1.0 -1.0 -1.0 -1.0 1.0 -1.0 1.0  ::: 385.0
 8
............ 1.0 1.0 -1.0 -1.0 -1.0 -1.0 1.0 -1.0 -1.0 -1.0 1.0 -1.0 1.0 1.0 -1.0 1.0 1.0 1.0 1.0 1.0  ::: 473.0
 9
............ -1.0 -1.0 1.0 -1.0 1.0 -1.0 -1.0 1.0 1.0 1.0 1.0 -1.0 1.0 -1.0 1.0 1.0 -1.0 -1.0 -1.0 1.0  ::: 466.0


:: Metaheuristic :: RW---RWB[20000]  
:: N. Experiment.:: 10
-----------------------------------
:: Better fitness :: 624.0
:: Average        :: 607.0
:: St. Deviation  :: 6.603
:: Better Solution in the experiment :: 9
:: N. Better Solution :: 1
 -1.0 -1.0 -1.0 1.0 1.0 -1.0 1.0 1.0 -1.0 1.0 1.0 1.0 -1.0 -1.0 -1.0 1.0 1.0 1.0 -1.0 -1.0  ::: 624.0

 1.0 -1.0 -1.0 1.0 1.0 1.0 -1.0 -1.0 1.0 -1.0 -1.0 1.0 1.0 -1.0 1.0 -1.0 -1.0 -1.0 1.0 1.0  ::: 605.0
 -1.0 -1.0 -1.0 1.0 1.0 -1.0 1.0 1.0 -1.0 1.0 1.0 -1.0 -1.0 -1.0 -1.0 1.0 1.0 1.0 -1.0 -1.0  ::: 603.0
 -1.0 -1.0 1.0 -1.0 1.0 -1.0 1.0 -1.0 -1.0 1.0 1.0 -1.0 -1.0 1.0 -1.0 1.0 1.0 1.0 -1.0 -1.0  ::: 603.0
 1.0 -1.0 -1.0 1.0 1.0 1.0 -1.0 -1.0 1.0 -1.0 -1.0 1.0 1.0 -1.0 1.0 -1.0 -1.0 -1.0 1.0 1.0  ::: 605.0
 1.0 1.0 1.0 -1.0 -1.0 1.0 -1.0 -1.0 1.0 1.0 -1.0 -1.0 1.0 1.0 1.0 -1.0 -1.0 -1.0 1.0 1.0  ::: 606.0
 1.0 -1.0 -1.0 1.0 -1.0 1.0 -1.0 -1.0 1.0 -1.0 -1.0 -1.0 1.0 1.0 1.0 -1.0 -1.0 1.0 1.0 1.0  ::: 600.0
 -1.0 1.0 -1.0 1.0 -1.0 -1.0 1.0 -1.0 -1.0 1.0 1.0 1.0 -1.0 -1.0 1.0 1.0 1.0 1.0 1.0 -1.0  ::: 602.0
 1.0 -1.0 -1.0 1.0 1.0 1.0 -1.0 1.0 1.0 -1.0 -1.0 1.0 1.0 -1.0 1.0 -1.0 -1.0 -1.0 1.0 1.0  ::: 611.0
 -1.0 -1.0 -1.0 1.0 1.0 -1.0 1.0 1.0 -1.0 1.0 1.0 1.0 -1.0 -1.0 -1.0 1.0 1.0 1.0 -1.0 -1.0  ::: 624.0
 -1.0 1.0 -1.0 1.0 -1.0 1.0 -1.0 1.0 1.0 -1.0 1.0 -1.0 1.0 1.0 1.0 -1.0 -1.0 1.0 -1.0 1.0  ::: 611.0
[MAXCUT] CELL 8/20 mc20_2 RW/RWB best=624 mean=607.0 gap=3.19% | elapsed 0:01:51 | ETA 0:02:47

-------- instance ------ mc20_3  (n=20, totalWeight=1000.0)

---------------------- GRASP --- GRASPc

 Experiments to GRASP
 0
 1
 2
 3
 4
 5
 6
 7
 8
 9


:: Metaheuristic :: GRASP---GRASPc[20000]  
:: N. Experiment.:: 10
-----------------------------------
:: Better fitness :: 716.0
:: Average        :: 716.0
:: St. Deviation  :: 0.0
:: Better Solution in the experiment :: 1
:: N. Better Solution :: 10
 1.0 1.0 -1.0 1.0 -1.0 -1.0 -1.0 1.0 1.0 1.0 1.0 -1.0 -1.0 -1.0 -1.0 1.0 -1.0 1.0 -1.0 1.0  ::: 716.0

 1.0 1.0 -1.0 1.0 -1.0 -1.0 -1.0 1.0 1.0 1.0 1.0 -1.0 -1.0 -1.0 -1.0 1.0 -1.0 1.0 -1.0 1.0  ::: 716.0
 -1.0 -1.0 1.0 -1.0 1.0 1.0 1.0 -1.0 -1.0 -1.0 -1.0 1.0 1.0 1.0 1.0 -1.0 1.0 -1.0 1.0 -1.0  ::: 716.0
 1.0 1.0 -1.0 1.0 -1.0 -1.0 -1.0 1.0 1.0 1.0 1.0 -1.0 -1.0 -1.0 -1.0 1.0 -1.0 1.0 -1.0 1.0  ::: 716.0
 -1.0 -1.0 1.0 -1.0 1.0 1.0 1.0 -1.0 -1.0 -1.0 -1.0 1.0 1.0 1.0 1.0 -1.0 1.0 -1.0 1.0 -1.0  ::: 716.0
 -1.0 -1.0 1.0 -1.0 1.0 1.0 1.0 -1.0 -1.0 -1.0 -1.0 1.0 1.0 1.0 1.0 -1.0 1.0 -1.0 1.0 -1.0  ::: 716.0
 1.0 1.0 -1.0 1.0 -1.0 -1.0 -1.0 1.0 1.0 1.0 1.0 -1.0 -1.0 -1.0 -1.0 1.0 -1.0 1.0 -1.0 1.0  ::: 716.0
 -1.0 -1.0 1.0 -1.0 1.0 1.0 1.0 -1.0 -1.0 -1.0 -1.0 1.0 1.0 1.0 1.0 -1.0 1.0 -1.0 1.0 -1.0  ::: 716.0
 -1.0 -1.0 1.0 -1.0 1.0 1.0 1.0 -1.0 -1.0 -1.0 -1.0 1.0 1.0 1.0 1.0 -1.0 1.0 -1.0 1.0 -1.0  ::: 716.0
 1.0 1.0 -1.0 1.0 -1.0 -1.0 -1.0 1.0 1.0 1.0 1.0 -1.0 -1.0 -1.0 -1.0 1.0 -1.0 1.0 -1.0 1.0  ::: 716.0
 1.0 1.0 -1.0 1.0 -1.0 -1.0 -1.0 1.0 1.0 1.0 1.0 -1.0 -1.0 -1.0 -1.0 1.0 -1.0 1.0 -1.0 1.0  ::: 716.0
[MAXCUT] CELL 9/20 mc20_3 GRASP/GRASPc best=716 mean=716.0 gap=0.00% | elapsed 0:01:58 | ETA 0:02:25

---------------------- GA --- GAB

 Experiments to GA
 0
 1
 2
 3
 4
 5
 6
 7
 8
 9


:: Metaheuristic :: GA---GAB[20000]  
:: N. Experiment.:: 10
-----------------------------------
:: Better fitness :: 716.0
:: Average        :: 716.0
:: St. Deviation  :: 0.0
:: Better Solution in the experiment :: 1
:: N. Better Solution :: 10
 -1.0 -1.0 1.0 -1.0 1.0 1.0 1.0 -1.0 -1.0 -1.0 -1.0 1.0 1.0 1.0 1.0 -1.0 1.0 -1.0 1.0 -1.0  ::: 716.0

 -1.0 -1.0 1.0 -1.0 1.0 1.0 1.0 -1.0 -1.0 -1.0 -1.0 1.0 1.0 1.0 1.0 -1.0 1.0 -1.0 1.0 -1.0  ::: 716.0
 -1.0 -1.0 1.0 -1.0 1.0 1.0 1.0 -1.0 -1.0 -1.0 -1.0 1.0 1.0 1.0 1.0 -1.0 1.0 -1.0 1.0 -1.0  ::: 716.0
 -1.0 -1.0 1.0 -1.0 1.0 1.0 1.0 -1.0 -1.0 -1.0 -1.0 1.0 1.0 1.0 1.0 -1.0 1.0 -1.0 1.0 -1.0  ::: 716.0
 -1.0 -1.0 1.0 -1.0 1.0 1.0 1.0 -1.0 -1.0 -1.0 -1.0 1.0 1.0 1.0 1.0 -1.0 1.0 -1.0 1.0 -1.0  ::: 716.0
 1.0 1.0 -1.0 1.0 -1.0 -1.0 -1.0 1.0 1.0 1.0 1.0 -1.0 -1.0 -1.0 -1.0 1.0 -1.0 1.0 -1.0 1.0  ::: 716.0
 1.0 1.0 -1.0 1.0 -1.0 -1.0 -1.0 1.0 1.0 1.0 1.0 -1.0 -1.0 -1.0 -1.0 1.0 -1.0 1.0 -1.0 1.0  ::: 716.0
 -1.0 -1.0 1.0 -1.0 1.0 1.0 1.0 -1.0 -1.0 -1.0 -1.0 1.0 1.0 1.0 1.0 -1.0 1.0 -1.0 1.0 -1.0  ::: 716.0
 1.0 1.0 -1.0 1.0 -1.0 -1.0 -1.0 1.0 1.0 1.0 1.0 -1.0 -1.0 -1.0 -1.0 1.0 -1.0 1.0 -1.0 1.0  ::: 716.0
 -1.0 -1.0 1.0 -1.0 1.0 1.0 1.0 -1.0 -1.0 -1.0 -1.0 1.0 1.0 1.0 1.0 -1.0 1.0 -1.0 1.0 -1.0  ::: 716.0
 -1.0 -1.0 1.0 -1.0 1.0 1.0 1.0 -1.0 -1.0 -1.0 -1.0 1.0 1.0 1.0 1.0 -1.0 1.0 -1.0 1.0 -1.0  ::: 716.0
[MAXCUT] CELL 10/20 mc20_3 GA/GAB best=716 mean=716.0 gap=0.00% | elapsed 0:02:29 | ETA 0:02:29

---------------------- SA --- SAB

 Experiments to SA
 0
 1
 2
 3
 4
 5
 6
 7
 8
 9


:: Metaheuristic :: SA---SAB[20000]  
:: N. Experiment.:: 10
-----------------------------------
:: Better fitness :: 699.0
:: Average        :: 685.5
:: St. Deviation  :: 6.859
:: Better Solution in the experiment :: 10
:: N. Better Solution :: 1
 -1.0 1.0 1.0 -1.0 1.0 1.0 1.0 -1.0 -1.0 -1.0 -1.0 1.0 1.0 1.0 1.0 -1.0 1.0 -1.0 1.0 -1.0  ::: 699.0

 1.0 1.0 -1.0 1.0 -1.0 -1.0 -1.0 1.0 -1.0 1.0 1.0 -1.0 1.0 -1.0 -1.0 1.0 -1.0 1.0 -1.0 1.0  ::: 689.0
 -1.0 -1.0 1.0 -1.0 1.0 1.0 1.0 -1.0 -1.0 1.0 -1.0 -1.0 -1.0 1.0 1.0 -1.0 1.0 -1.0 1.0 -1.0  ::: 675.0
 1.0 1.0 -1.0 1.0 -1.0 1.0 -1.0 1.0 1.0 1.0 1.0 -1.0 -1.0 -1.0 -1.0 1.0 -1.0 1.0 -1.0 1.0  ::: 686.0
 1.0 1.0 -1.0 1.0 -1.0 1.0 -1.0 -1.0 1.0 -1.0 -1.0 -1.0 -1.0 -1.0 1.0 1.0 -1.0 1.0 -1.0 1.0  ::: 691.0
 1.0 1.0 1.0 -1.0 1.0 1.0 1.0 -1.0 -1.0 -1.0 -1.0 1.0 1.0 1.0 1.0 -1.0 1.0 -1.0 -1.0 -1.0  ::: 681.0
 1.0 -1.0 1.0 -1.0 1.0 -1.0 1.0 1.0 -1.0 -1.0 -1.0 1.0 1.0 1.0 -1.0 -1.0 1.0 -1.0 1.0 -1.0  ::: 687.0
 -1.0 1.0 -1.0 1.0 -1.0 1.0 -1.0 -1.0 1.0 1.0 1.0 -1.0 -1.0 -1.0 1.0 1.0 -1.0 1.0 -1.0 1.0  ::: 687.0
 -1.0 -1.0 1.0 1.0 1.0 -1.0 1.0 1.0 1.0 -1.0 1.0 1.0 -1.0 -1.0 -1.0 -1.0 1.0 -1.0 1.0 -1.0  ::: 685.0
 1.0 1.0 -1.0 -1.0 -1.0 -1.0 -1.0 -1.0 -1.0 1.0 1.0 -1.0 1.0 -1.0 1.0 1.0 -1.0 1.0 -1.0 1.0  ::: 675.0
 -1.0 1.0 1.0 -1.0 1.0 1.0 1.0 -1.0 -1.0 -1.0 -1.0 1.0 1.0 1.0 1.0 -1.0 1.0 -1.0 1.0 -1.0  ::: 699.0
[MAXCUT] CELL 11/20 mc20_3 SA/SAB best=699 mean=685.5 gap=4.26% | elapsed 0:02:33 | ETA 0:02:05

---------------------- RW --- RWB

 Experiments to RW
 0
............ -1.0 -1.0 1.0 1.0 -1.0 -1.0 -1.0 -1.0 1.0 1.0 -1.0 1.0 -1.0 1.0 -1.0 1.0 -1.0 -1.0 -1.0 -1.0  ::: 396.0
 1
............ -1.0 -1.0 -1.0 -1.0 -1.0 -1.0 1.0 -1.0 -1.0 1.0 -1.0 1.0 1.0 -1.0 1.0 -1.0 1.0 -1.0 1.0 -1.0  ::: 534.0
 2
............ -1.0 -1.0 1.0 1.0 1.0 -1.0 1.0 -1.0 -1.0 -1.0 1.0 1.0 -1.0 -1.0 -1.0 1.0 1.0 -1.0 -1.0 -1.0  ::: 517.0
 3
............ 1.0 -1.0 -1.0 1.0 1.0 -1.0 1.0 1.0 -1.0 1.0 -1.0 1.0 -1.0 1.0 1.0 1.0 1.0 -1.0 1.0 1.0  ::: 453.0
 4
............ 1.0 1.0 -1.0 -1.0 1.0 -1.0 -1.0 1.0 1.0 1.0 1.0 -1.0 -1.0 1.0 -1.0 -1.0 1.0 -1.0 1.0 -1.0  ::: 529.0
 5
............ 1.0 1.0 -1.0 -1.0 -1.0 -1.0 1.0 1.0 -1.0 -1.0 1.0 1.0 1.0 -1.0 -1.0 1.0 -1.0 1.0 -1.0 1.0  ::: 602.0
 6
............ 1.0 1.0 -1.0 1.0 -1.0 1.0 1.0 1.0 -1.0 1.0 -1.0 -1.0 -1.0 -1.0 1.0 -1.0 -1.0 -1.0 1.0 1.0  ::: 527.0
 7
............ 1.0 -1.0 -1.0 1.0 1.0 1.0 -1.0 -1.0 -1.0 1.0 -1.0 1.0 -1.0 1.0 -1.0 1.0 -1.0 1.0 1.0 -1.0  ::: 526.0
 8
............ -1.0 -1.0 1.0 1.0 1.0 1.0 -1.0 -1.0 -1.0 1.0 -1.0 1.0 1.0 1.0 1.0 1.0 -1.0 1.0 1.0 1.0  ::: 456.0
 9
............ -1.0 1.0 -1.0 -1.0 -1.0 -1.0 1.0 1.0 1.0 -1.0 -1.0 -1.0 -1.0 -1.0 -1.0 1.0 1.0 -1.0 -1.0 1.0  ::: 473.0


:: Metaheuristic :: RW---RWB[20000]  
:: N. Experiment.:: 10
-----------------------------------
:: Better fitness :: 693.0
:: Average        :: 686.0
:: St. Deviation  :: 6.277
:: Better Solution in the experiment :: 2
:: N. Better Solution :: 3
 1.0 1.0 -1.0 1.0 -1.0 -1.0 -1.0 1.0 1.0 1.0 -1.0 -1.0 -1.0 -1.0 -1.0 1.0 -1.0 1.0 -1.0 1.0  ::: 693.0

 -1.0 -1.0 -1.0 1.0 -1.0 1.0 1.0 1.0 1.0 1.0 1.0 -1.0 -1.0 -1.0 -1.0 1.0 -1.0 1.0 1.0 1.0  ::: 673.0
 1.0 1.0 -1.0 1.0 -1.0 -1.0 -1.0 1.0 1.0 1.0 -1.0 -1.0 -1.0 -1.0 -1.0 1.0 -1.0 1.0 -1.0 1.0  ::: 693.0
 -1.0 -1.0 1.0 1.0 1.0 -1.0 1.0 1.0 1.0 -1.0 1.0 1.0 -1.0 -1.0 -1.0 -1.0 1.0 -1.0 1.0 -1.0  ::: 685.0
 1.0 1.0 -1.0 1.0 1.0 1.0 -1.0 -1.0 1.0 1.0 -1.0 -1.0 -1.0 -1.0 -1.0 1.0 -1.0 1.0 -1.0 1.0  ::: 693.0
 -1.0 -1.0 1.0 -1.0 1.0 -1.0 1.0 1.0 -1.0 -1.0 -1.0 1.0 1.0 1.0 -1.0 -1.0 1.0 -1.0 1.0 -1.0  ::: 690.0
 1.0 1.0 -1.0 1.0 -1.0 -1.0 -1.0 1.0 1.0 1.0 -1.0 -1.0 -1.0 -1.0 -1.0 1.0 -1.0 1.0 -1.0 1.0  ::: 693.0
 1.0 1.0 1.0 -1.0 1.0 -1.0 1.0 -1.0 -1.0 -1.0 1.0 1.0 1.0 1.0 1.0 -1.0 1.0 -1.0 -1.0 -1.0  ::: 680.0
 -1.0 -1.0 1.0 1.0 1.0 -1.0 1.0 1.0 1.0 -1.0 1.0 1.0 -1.0 1.0 -1.0 -1.0 1.0 -1.0 1.0 -1.0  ::: 686.0
 -1.0 -1.0 1.0 -1.0 1.0 -1.0 1.0 -1.0 -1.0 -1.0 -1.0 1.0 1.0 1.0 1.0 -1.0 1.0 -1.0 1.0 -1.0  ::: 686.0
 1.0 1.0 -1.0 -1.0 -1.0 -1.0 -1.0 1.0 1.0 1.0 1.0 -1.0 -1.0 -1.0 1.0 1.0 -1.0 1.0 -1.0 1.0  ::: 681.0
[MAXCUT] CELL 12/20 mc20_3 RW/RWB best=693 mean=686.0 gap=4.19% | elapsed 0:02:38 | ETA 0:01:45

-------- instance ------ mc20_4  (n=20, totalWeight=291.0)

---------------------- GRASP --- GRASPc

 Experiments to GRASP
 0
 1
 2
 3
 4
 5
 6
 7
 8
 9


:: Metaheuristic :: GRASP---GRASPc[20000]  
:: N. Experiment.:: 10
-----------------------------------
:: Better fitness :: 257.0
:: Average        :: 257.0
:: St. Deviation  :: 0.0
:: Better Solution in the experiment :: 1
:: N. Better Solution :: 10
 -1.0 -1.0 -1.0 1.0 1.0 -1.0 -1.0 1.0 1.0 1.0 -1.0 1.0 -1.0 -1.0 1.0 1.0 1.0 -1.0 1.0 1.0  ::: 257.0

 -1.0 -1.0 -1.0 1.0 1.0 -1.0 -1.0 1.0 1.0 1.0 -1.0 1.0 -1.0 -1.0 1.0 1.0 1.0 -1.0 1.0 1.0  ::: 257.0
 -1.0 -1.0 -1.0 1.0 1.0 -1.0 -1.0 1.0 1.0 1.0 -1.0 1.0 -1.0 -1.0 1.0 1.0 1.0 -1.0 1.0 1.0  ::: 257.0
 1.0 1.0 1.0 -1.0 -1.0 1.0 1.0 -1.0 -1.0 1.0 1.0 -1.0 1.0 1.0 -1.0 -1.0 -1.0 1.0 -1.0 -1.0  ::: 257.0
 1.0 1.0 1.0 -1.0 -1.0 1.0 1.0 -1.0 -1.0 1.0 1.0 -1.0 1.0 1.0 -1.0 -1.0 -1.0 1.0 -1.0 -1.0  ::: 257.0
 -1.0 -1.0 -1.0 1.0 1.0 -1.0 -1.0 1.0 1.0 1.0 -1.0 1.0 -1.0 -1.0 1.0 1.0 1.0 -1.0 1.0 1.0  ::: 257.0
 1.0 1.0 1.0 -1.0 -1.0 1.0 1.0 -1.0 -1.0 1.0 1.0 -1.0 1.0 1.0 -1.0 -1.0 -1.0 1.0 -1.0 -1.0  ::: 257.0
 -1.0 -1.0 -1.0 1.0 1.0 -1.0 -1.0 1.0 1.0 1.0 -1.0 1.0 -1.0 -1.0 1.0 1.0 1.0 -1.0 1.0 1.0  ::: 257.0
 1.0 1.0 1.0 -1.0 -1.0 1.0 1.0 -1.0 -1.0 1.0 1.0 -1.0 1.0 1.0 -1.0 -1.0 -1.0 1.0 -1.0 -1.0  ::: 257.0
 1.0 1.0 1.0 -1.0 -1.0 1.0 1.0 -1.0 -1.0 1.0 1.0 -1.0 1.0 1.0 -1.0 -1.0 -1.0 1.0 -1.0 -1.0  ::: 257.0
 -1.0 -1.0 -1.0 1.0 1.0 -1.0 -1.0 1.0 1.0 1.0 -1.0 1.0 -1.0 -1.0 1.0 1.0 1.0 -1.0 1.0 1.0  ::: 257.0
[MAXCUT] CELL 13/20 mc20_4 GRASP/GRASPc best=257 mean=257.0 gap=0.00% | elapsed 0:02:46 | ETA 0:01:29

---------------------- GA --- GAB

 Experiments to GA
 0
 1
 2
 3
 4
 5
 6
 7
 8
 9


:: Metaheuristic :: GA---GAB[20000]  
:: N. Experiment.:: 10
-----------------------------------
:: Better fitness :: 257.0
:: Average        :: 250.8
:: St. Deviation  :: 6.161
:: Better Solution in the experiment :: 4
:: N. Better Solution :: 2
 1.0 1.0 1.0 -1.0 -1.0 1.0 1.0 -1.0 -1.0 -1.0 1.0 -1.0 1.0 1.0 -1.0 -1.0 -1.0 1.0 -1.0 -1.0  ::: 257.0

 -1.0 -1.0 1.0 -1.0 1.0 1.0 -1.0 -1.0 -1.0 -1.0 -1.0 1.0 1.0 1.0 -1.0 -1.0 1.0 1.0 1.0 -1.0  ::: 250.0
 -1.0 1.0 1.0 -1.0 -1.0 1.0 1.0 1.0 -1.0 1.0 -1.0 1.0 1.0 1.0 -1.0 -1.0 -1.0 1.0 1.0 -1.0  ::: 244.0
 1.0 1.0 -1.0 1.0 -1.0 -1.0 1.0 -1.0 1.0 -1.0 -1.0 1.0 -1.0 -1.0 1.0 1.0 1.0 -1.0 -1.0 1.0  ::: 249.0
 1.0 1.0 1.0 -1.0 -1.0 1.0 1.0 -1.0 -1.0 -1.0 1.0 -1.0 1.0 1.0 -1.0 -1.0 -1.0 1.0 -1.0 -1.0  ::: 257.0
 1.0 -1.0 1.0 -1.0 1.0 1.0 -1.0 -1.0 -1.0 -1.0 -1.0 1.0 1.0 1.0 -1.0 -1.0 1.0 1.0 -1.0 -1.0  ::: 253.0
 -1.0 -1.0 1.0 1.0 1.0 -1.0 -1.0 1.0 -1.0 1.0 -1.0 1.0 -1.0 1.0 1.0 1.0 1.0 -1.0 1.0 -1.0  ::: 249.0
 -1.0 -1.0 -1.0 1.0 1.0 -1.0 -1.0 1.0 1.0 -1.0 1.0 -1.0 -1.0 -1.0 1.0 1.0 1.0 -1.0 1.0 1.0  ::: 256.0
 -1.0 1.0 -1.0 -1.0 -1.0 1.0 1.0 1.0 1.0 1.0 1.0 -1.0 1.0 -1.0 -1.0 -1.0 -1.0 1.0 1.0 1.0  ::: 237.0
 1.0 1.0 1.0 -1.0 -1.0 1.0 1.0 -1.0 -1.0 1.0 -1.0 1.0 1.0 1.0 -1.0 -1.0 -1.0 1.0 -1.0 -1.0  ::: 256.0
 -1.0 -1.0 -1.0 1.0 1.0 -1.0 -1.0 1.0 1.0 1.0 -1.0 1.0 -1.0 -1.0 1.0 1.0 1.0 -1.0 1.0 1.0  ::: 257.0
[MAXCUT] CELL 14/20 mc20_4 GA/GAB best=257 mean=250.8 gap=2.41% | elapsed 0:03:37 | ETA 0:01:33

---------------------- SA --- SAB

 Experiments to SA
 0
 1
 2
 3
 4
 5
 6
 7
 8
 9


:: Metaheuristic :: SA---SAB[20000]  
:: N. Experiment.:: 10
-----------------------------------
:: Better fitness :: 257.0
:: Average        :: 251.5
:: St. Deviation  :: 2.5
:: Better Solution in the experiment :: 9
:: N. Better Solution :: 1
 -1.0 -1.0 -1.0 1.0 1.0 -1.0 -1.0 1.0 1.0 1.0 -1.0 1.0 -1.0 -1.0 1.0 1.0 1.0 -1.0 1.0 1.0  ::: 257.0

 -1.0 -1.0 1.0 -1.0 1.0 1.0 -1.0 1.0 -1.0 1.0 -1.0 1.0 1.0 1.0 -1.0 -1.0 1.0 1.0 1.0 -1.0  ::: 249.0
 1.0 -1.0 1.0 -1.0 1.0 1.0 -1.0 -1.0 -1.0 -1.0 -1.0 1.0 1.0 1.0 -1.0 1.0 1.0 -1.0 -1.0 -1.0  ::: 251.0
 -1.0 -1.0 1.0 -1.0 1.0 1.0 -1.0 1.0 -1.0 1.0 -1.0 1.0 1.0 1.0 -1.0 -1.0 -1.0 1.0 1.0 -1.0  ::: 250.0
 -1.0 -1.0 1.0 1.0 1.0 -1.0 -1.0 1.0 -1.0 1.0 -1.0 1.0 -1.0 1.0 1.0 -1.0 1.0 -1.0 1.0 -1.0  ::: 248.0
 1.0 1.0 -1.0 -1.0 -1.0 1.0 1.0 -1.0 -1.0 1.0 1.0 -1.0 1.0 1.0 -1.0 1.0 -1.0 1.0 -1.0 -1.0  ::: 254.0
 -1.0 -1.0 -1.0 1.0 1.0 -1.0 -1.0 1.0 1.0 1.0 -1.0 1.0 -1.0 -1.0 1.0 1.0 1.0 -1.0 1.0 -1.0  ::: 252.0
 1.0 -1.0 1.0 -1.0 1.0 1.0 -1.0 -1.0 -1.0 1.0 -1.0 1.0 1.0 1.0 -1.0 -1.0 1.0 1.0 -1.0 -1.0  ::: 253.0
 -1.0 -1.0 1.0 -1.0 1.0 1.0 -1.0 1.0 -1.0 -1.0 -1.0 1.0 1.0 1.0 -1.0 -1.0 -1.0 1.0 1.0 -1.0  ::: 250.0
 -1.0 -1.0 -1.0 1.0 1.0 -1.0 -1.0 1.0 1.0 1.0 -1.0 1.0 -1.0 -1.0 1.0 1.0 1.0 -1.0 1.0 1.0  ::: 257.0
 1.0 -1.0 1.0 -1.0 1.0 1.0 -1.0 -1.0 -1.0 1.0 -1.0 1.0 1.0 1.0 -1.0 1.0 1.0 -1.0 -1.0 -1.0  ::: 251.0
[MAXCUT] CELL 15/20 mc20_4 SA/SAB best=257 mean=251.5 gap=2.14% | elapsed 0:03:41 | ETA 0:01:13

---------------------- RW --- RWB

 Experiments to RW
 0
............ -1.0 -1.0 1.0 1.0 -1.0 -1.0 -1.0 -1.0 1.0 1.0 -1.0 -1.0 -1.0 -1.0 -1.0 1.0 1.0 1.0 1.0 1.0  ::: 163.0
 1
............ 1.0 1.0 -1.0 -1.0 1.0 1.0 1.0 -1.0 -1.0 1.0 1.0 -1.0 1.0 -1.0 1.0 -1.0 -1.0 1.0 1.0 1.0  ::: 129.0
 2
............ 1.0 -1.0 -1.0 1.0 -1.0 -1.0 1.0 1.0 1.0 1.0 -1.0 -1.0 -1.0 -1.0 -1.0 -1.0 1.0 -1.0 -1.0 1.0  ::: 147.0
 3
............ 1.0 1.0 1.0 -1.0 1.0 -1.0 -1.0 -1.0 -1.0 1.0 -1.0 1.0 -1.0 1.0 -1.0 -1.0 -1.0 1.0 -1.0 1.0  ::: 134.0
 4
............ 1.0 1.0 1.0 -1.0 1.0 1.0 -1.0 -1.0 1.0 -1.0 -1.0 1.0 -1.0 -1.0 1.0 1.0 1.0 -1.0 1.0 1.0  ::: 195.0
 5
............ 1.0 1.0 1.0 -1.0 1.0 1.0 1.0 1.0 -1.0 -1.0 1.0 1.0 1.0 -1.0 -1.0 1.0 -1.0 1.0 -1.0 1.0  ::: 144.0
 6
............ 1.0 1.0 1.0 -1.0 1.0 1.0 -1.0 1.0 -1.0 -1.0 1.0 -1.0 -1.0 -1.0 -1.0 1.0 -1.0 -1.0 -1.0 -1.0  ::: 112.0
 7
............ -1.0 -1.0 1.0 1.0 -1.0 -1.0 1.0 -1.0 -1.0 1.0 -1.0 1.0 1.0 -1.0 1.0 -1.0 1.0 -1.0 -1.0 -1.0  ::: 99.0
 8
............ 1.0 1.0 1.0 1.0 1.0 1.0 -1.0 -1.0 1.0 1.0 1.0 -1.0 -1.0 -1.0 -1.0 1.0 1.0 1.0 -1.0 -1.0  ::: 190.0
 9
............ -1.0 1.0 -1.0 -1.0 1.0 1.0 1.0 -1.0 1.0 -1.0 1.0 1.0 1.0 1.0 -1.0 -1.0 -1.0 -1.0 -1.0 -1.0  ::: 174.0


:: Metaheuristic :: RW---RWB[20000]  
:: N. Experiment.:: 10
-----------------------------------
:: Better fitness :: 255.0
:: Average        :: 249.3
:: St. Deviation  :: 2.532
:: Better Solution in the experiment :: 1
:: N. Better Solution :: 1
 1.0 1.0 1.0 -1.0 -1.0 1.0 1.0 -1.0 -1.0 1.0 -1.0 1.0 1.0 1.0 -1.0 1.0 -1.0 1.0 -1.0 -1.0  ::: 255.0

 1.0 1.0 1.0 -1.0 -1.0 1.0 1.0 -1.0 -1.0 1.0 -1.0 1.0 1.0 1.0 -1.0 1.0 -1.0 1.0 -1.0 -1.0  ::: 255.0
 -1.0 1.0 -1.0 1.0 -1.0 -1.0 1.0 1.0 1.0 -1.0 -1.0 1.0 -1.0 -1.0 1.0 1.0 -1.0 -1.0 1.0 1.0  ::: 252.0
 -1.0 -1.0 -1.0 1.0 1.0 -1.0 -1.0 1.0 1.0 -1.0 1.0 -1.0 -1.0 -1.0 1.0 -1.0 1.0 -1.0 -1.0 1.0  ::: 245.0
 -1.0 -1.0 1.0 1.0 1.0 -1.0 -1.0 1.0 1.0 1.0 -1.0 1.0 -1.0 -1.0 1.0 1.0 1.0 -1.0 1.0 -1.0  ::: 250.0
 -1.0 -1.0 1.0 -1.0 1.0 1.0 -1.0 1.0 -1.0 -1.0 -1.0 1.0 1.0 1.0 -1.0 1.0 -1.0 1.0 1.0 -1.0  ::: 249.0
 1.0 1.0 1.0 -1.0 -1.0 1.0 -1.0 -1.0 -1.0 1.0 1.0 -1.0 1.0 1.0 -1.0 -1.0 1.0 1.0 -1.0 -1.0  ::: 248.0
 1.0 1.0 -1.0 -1.0 -1.0 1.0 1.0 -1.0 -1.0 1.0 1.0 1.0 1.0 1.0 -1.0 -1.0 -1.0 1.0 -1.0 -1.0  ::: 248.0
 -1.0 -1.0 1.0 1.0 1.0 -1.0 -1.0 1.0 -1.0 1.0 -1.0 1.0 -1.0 1.0 1.0 1.0 1.0 -1.0 1.0 -1.0  ::: 249.0
 -1.0 -1.0 1.0 1.0 1.0 -1.0 -1.0 1.0 1.0 1.0 1.0 -1.0 -1.0 -1.0 1.0 -1.0 1.0 -1.0 1.0 -1.0  ::: 248.0
 -1.0 -1.0 1.0 -1.0 1.0 1.0 -1.0 1.0 -1.0 -1.0 -1.0 1.0 1.0 1.0 -1.0 -1.0 1.0 1.0 1.0 -1.0  ::: 249.0
[MAXCUT] CELL 16/20 mc20_4 RW/RWB best=255 mean=249.3 gap=3.00% | elapsed 0:03:46 | ETA 0:00:56

-------- instance ------ mc20_5  (n=20, totalWeight=364.0)

---------------------- GRASP --- GRASPc

 Experiments to GRASP
 0
 1
 2
 3
 4
 5
 6
 7
 8
 9


:: Metaheuristic :: GRASP---GRASPc[20000]  
:: N. Experiment.:: 10
-----------------------------------
:: Better fitness :: 350.0
:: Average        :: 350.0
:: St. Deviation  :: 0.0
:: Better Solution in the experiment :: 1
:: N. Better Solution :: 10
 1.0 -1.0 -1.0 -1.0 1.0 -1.0 -1.0 -1.0 -1.0 1.0 1.0 1.0 1.0 1.0 1.0 1.0 -1.0 1.0 -1.0 1.0  ::: 350.0

 1.0 -1.0 -1.0 -1.0 1.0 -1.0 -1.0 -1.0 -1.0 1.0 1.0 1.0 1.0 1.0 1.0 1.0 -1.0 1.0 -1.0 1.0  ::: 350.0
 -1.0 1.0 1.0 1.0 -1.0 1.0 1.0 1.0 1.0 -1.0 -1.0 -1.0 -1.0 -1.0 -1.0 -1.0 1.0 -1.0 1.0 -1.0  ::: 350.0
 -1.0 1.0 1.0 1.0 -1.0 1.0 1.0 1.0 1.0 -1.0 -1.0 -1.0 -1.0 -1.0 -1.0 -1.0 1.0 -1.0 1.0 -1.0  ::: 350.0
 1.0 -1.0 -1.0 -1.0 1.0 -1.0 -1.0 -1.0 -1.0 1.0 1.0 1.0 1.0 1.0 1.0 1.0 -1.0 1.0 -1.0 1.0  ::: 350.0
 -1.0 1.0 1.0 1.0 -1.0 1.0 1.0 1.0 1.0 -1.0 -1.0 -1.0 -1.0 -1.0 -1.0 -1.0 1.0 -1.0 1.0 -1.0  ::: 350.0
 1.0 -1.0 -1.0 -1.0 1.0 -1.0 -1.0 -1.0 -1.0 1.0 1.0 1.0 1.0 1.0 1.0 1.0 -1.0 1.0 -1.0 1.0  ::: 350.0
 -1.0 1.0 1.0 1.0 -1.0 1.0 1.0 1.0 1.0 -1.0 -1.0 -1.0 -1.0 -1.0 -1.0 -1.0 1.0 -1.0 1.0 -1.0  ::: 350.0
 1.0 -1.0 -1.0 -1.0 1.0 -1.0 -1.0 -1.0 -1.0 1.0 1.0 1.0 1.0 1.0 1.0 1.0 -1.0 1.0 -1.0 1.0  ::: 350.0
 -1.0 1.0 1.0 1.0 -1.0 1.0 1.0 1.0 1.0 -1.0 -1.0 -1.0 -1.0 -1.0 -1.0 -1.0 1.0 -1.0 1.0 -1.0  ::: 350.0
 -1.0 1.0 1.0 1.0 -1.0 1.0 1.0 1.0 1.0 -1.0 -1.0 -1.0 -1.0 -1.0 -1.0 -1.0 1.0 -1.0 1.0 -1.0  ::: 350.0
[MAXCUT] CELL 17/20 mc20_5 GRASP/GRASPc best=350 mean=350.0 gap=0.00% | elapsed 0:03:57 | ETA 0:00:41

---------------------- GA --- GAB

 Experiments to GA
 0
 1
 2
 3
 4
 5
 6
 7
 8
 9


:: Metaheuristic :: GA---GAB[20000]  
:: N. Experiment.:: 10
-----------------------------------
:: Better fitness :: 350.0
:: Average        :: 350.0
:: St. Deviation  :: 0.0
:: Better Solution in the experiment :: 1
:: N. Better Solution :: 10
 -1.0 1.0 1.0 1.0 -1.0 1.0 1.0 1.0 1.0 -1.0 -1.0 -1.0 -1.0 -1.0 -1.0 -1.0 1.0 -1.0 1.0 -1.0  ::: 350.0

 -1.0 1.0 1.0 1.0 -1.0 1.0 1.0 1.0 1.0 -1.0 -1.0 -1.0 -1.0 -1.0 -1.0 -1.0 1.0 -1.0 1.0 -1.0  ::: 350.0
 -1.0 1.0 1.0 1.0 -1.0 1.0 1.0 1.0 1.0 -1.0 -1.0 -1.0 -1.0 -1.0 -1.0 -1.0 1.0 -1.0 1.0 -1.0  ::: 350.0
 1.0 -1.0 -1.0 -1.0 1.0 -1.0 -1.0 -1.0 -1.0 1.0 1.0 1.0 1.0 1.0 1.0 1.0 -1.0 1.0 -1.0 1.0  ::: 350.0
 1.0 -1.0 -1.0 -1.0 1.0 -1.0 -1.0 -1.0 -1.0 1.0 1.0 1.0 1.0 1.0 1.0 1.0 -1.0 1.0 -1.0 1.0  ::: 350.0
 1.0 -1.0 -1.0 -1.0 1.0 -1.0 -1.0 -1.0 -1.0 1.0 1.0 1.0 1.0 1.0 1.0 1.0 -1.0 1.0 -1.0 1.0  ::: 350.0
 -1.0 1.0 1.0 1.0 -1.0 1.0 1.0 1.0 1.0 -1.0 -1.0 -1.0 -1.0 -1.0 -1.0 -1.0 1.0 -1.0 1.0 -1.0  ::: 350.0
 1.0 -1.0 -1.0 -1.0 1.0 -1.0 -1.0 -1.0 -1.0 1.0 1.0 1.0 1.0 1.0 1.0 1.0 -1.0 1.0 -1.0 1.0  ::: 350.0
 -1.0 1.0 1.0 1.0 -1.0 1.0 1.0 1.0 1.0 -1.0 -1.0 -1.0 -1.0 -1.0 -1.0 -1.0 1.0 -1.0 1.0 -1.0  ::: 350.0
 -1.0 1.0 1.0 1.0 -1.0 1.0 1.0 1.0 1.0 -1.0 -1.0 -1.0 -1.0 -1.0 -1.0 -1.0 1.0 -1.0 1.0 -1.0  ::: 350.0
 1.0 -1.0 -1.0 -1.0 1.0 -1.0 -1.0 -1.0 -1.0 1.0 1.0 1.0 1.0 1.0 1.0 1.0 -1.0 1.0 -1.0 1.0  ::: 350.0
[MAXCUT] CELL 18/20 mc20_5 GA/GAB best=350 mean=350.0 gap=0.00% | elapsed 0:04:24 | ETA 0:00:29

---------------------- SA --- SAB

 Experiments to SA
 0
 1
 2
 3
 4
 5
 6
 7
 8
 9


:: Metaheuristic :: SA---SAB[20000]  
:: N. Experiment.:: 10
-----------------------------------
:: Better fitness :: 332.0
:: Average        :: 320.6
:: St. Deviation  :: 5.607
:: Better Solution in the experiment :: 5
:: N. Better Solution :: 1
 -1.0 1.0 1.0 1.0 -1.0 1.0 1.0 1.0 1.0 -1.0 -1.0 1.0 -1.0 -1.0 -1.0 -1.0 1.0 -1.0 1.0 -1.0  ::: 332.0

 1.0 1.0 1.0 1.0 -1.0 1.0 1.0 -1.0 -1.0 -1.0 -1.0 -1.0 -1.0 -1.0 -1.0 1.0 1.0 1.0 -1.0 -1.0  ::: 310.0
 -1.0 1.0 1.0 1.0 -1.0 1.0 1.0 1.0 -1.0 -1.0 -1.0 -1.0 -1.0 -1.0 -1.0 1.0 1.0 -1.0 1.0 -1.0  ::: 318.0
 -1.0 1.0 1.0 1.0 -1.0 1.0 1.0 1.0 -1.0 -1.0 -1.0 -1.0 -1.0 -1.0 -1.0 1.0 1.0 -1.0 1.0 -1.0  ::: 318.0
 -1.0 1.0 1.0 1.0 -1.0 1.0 1.0 -1.0 1.0 -1.0 -1.0 -1.0 -1.0 -1.0 -1.0 -1.0 1.0 -1.0 1.0 -1.0  ::: 324.0
 -1.0 1.0 1.0 1.0 -1.0 1.0 1.0 1.0 1.0 -1.0 -1.0 1.0 -1.0 -1.0 -1.0 -1.0 1.0 -1.0 1.0 -1.0  ::: 332.0
 -1.0 1.0 1.0 1.0 -1.0 1.0 1.0 -1.0 1.0 -1.0 -1.0 -1.0 -1.0 -1.0 -1.0 -1.0 1.0 -1.0 1.0 -1.0  ::: 324.0
 1.0 -1.0 -1.0 1.0 1.0 -1.0 -1.0 -1.0 -1.0 1.0 1.0 1.0 -1.0 -1.0 1.0 1.0 -1.0 1.0 -1.0 1.0  ::: 321.0
 1.0 -1.0 -1.0 1.0 1.0 -1.0 -1.0 -1.0 -1.0 1.0 1.0 -1.0 1.0 -1.0 1.0 1.0 -1.0 1.0 -1.0 1.0  ::: 319.0
 1.0 -1.0 1.0 -1.0 1.0 -1.0 -1.0 -1.0 -1.0 1.0 1.0 1.0 1.0 1.0 1.0 1.0 -1.0 1.0 -1.0 1.0  ::: 324.0
 -1.0 1.0 1.0 1.0 -1.0 1.0 1.0 1.0 1.0 -1.0 -1.0 -1.0 -1.0 -1.0 -1.0 -1.0 1.0 -1.0 1.0 1.0  ::: 316.0
[MAXCUT] CELL 19/20 mc20_5 SA/SAB best=332 mean=320.6 gap=8.40% | elapsed 0:04:29 | ETA 0:00:14

---------------------- RW --- RWB

 Experiments to RW
 0
............ 1.0 -1.0 -1.0 -1.0 -1.0 -1.0 1.0 1.0 1.0 -1.0 -1.0 -1.0 -1.0 1.0 1.0 -1.0 1.0 1.0 -1.0 -1.0  ::: 203.0
 1
............ -1.0 1.0 -1.0 1.0 1.0 1.0 -1.0 1.0 -1.0 -1.0 -1.0 1.0 -1.0 1.0 -1.0 -1.0 1.0 -1.0 1.0 -1.0  ::: 261.0
 2
............ -1.0 1.0 1.0 -1.0 -1.0 1.0 -1.0 1.0 -1.0 1.0 -1.0 -1.0 -1.0 -1.0 -1.0 -1.0 1.0 1.0 -1.0 1.0  ::: 206.0
 3
............ -1.0 -1.0 1.0 -1.0 1.0 -1.0 1.0 -1.0 1.0 -1.0 -1.0 -1.0 1.0 -1.0 -1.0 1.0 -1.0 1.0 -1.0 1.0  ::: 206.0
 4
............ 1.0 -1.0 -1.0 -1.0 1.0 -1.0 -1.0 -1.0 -1.0 1.0 1.0 1.0 -1.0 -1.0 1.0 1.0 1.0 1.0 -1.0 1.0  ::: 296.0
 5
............ 1.0 1.0 -1.0 -1.0 1.0 -1.0 -1.0 1.0 1.0 1.0 1.0 1.0 -1.0 1.0 1.0 1.0 1.0 -1.0 -1.0 -1.0  ::: 231.0
 6
............ 1.0 1.0 1.0 1.0 -1.0 -1.0 -1.0 1.0 1.0 -1.0 1.0 1.0 1.0 -1.0 -1.0 -1.0 1.0 1.0 1.0 1.0  ::: 167.0
 7
............ 1.0 1.0 1.0 1.0 -1.0 1.0 1.0 1.0 -1.0 1.0 1.0 -1.0 1.0 1.0 -1.0 1.0 1.0 -1.0 1.0 1.0  ::: 105.0
 8
............ 1.0 1.0 1.0 -1.0 -1.0 -1.0 1.0 -1.0 1.0 1.0 1.0 1.0 -1.0 1.0 1.0 1.0 1.0 -1.0 -1.0 1.0  ::: 234.0
 9
............ 1.0 1.0 1.0 -1.0 -1.0 1.0 -1.0 1.0 1.0 -1.0 1.0 -1.0 1.0 -1.0 -1.0 1.0 1.0 1.0 -1.0 1.0  ::: 172.0


:: Metaheuristic :: RW---RWB[20000]  
:: N. Experiment.:: 10
-----------------------------------
:: Better fitness :: 337.0
:: Average        :: 320.3
:: St. Deviation  :: 8.125
:: Better Solution in the experiment :: 2
:: N. Better Solution :: 1
 1.0 -1.0 -1.0 -1.0 1.0 -1.0 -1.0 1.0 -1.0 1.0 1.0 1.0 1.0 1.0 1.0 -1.0 -1.0 1.0 -1.0 1.0  ::: 337.0

 1.0 -1.0 -1.0 1.0 1.0 -1.0 -1.0 -1.0 -1.0 1.0 1.0 1.0 -1.0 -1.0 1.0 1.0 -1.0 1.0 -1.0 1.0  ::: 321.0
 1.0 -1.0 -1.0 -1.0 1.0 -1.0 -1.0 1.0 -1.0 1.0 1.0 1.0 1.0 1.0 1.0 -1.0 -1.0 1.0 -1.0 1.0  ::: 337.0
 -1.0 1.0 1.0 1.0 -1.0 1.0 1.0 1.0 1.0 -1.0 -1.0 -1.0 -1.0 -1.0 -1.0 -1.0 1.0 1.0 1.0 -1.0  ::: 321.0
 1.0 -1.0 1.0 -1.0 1.0 -1.0 -1.0 1.0 -1.0 1.0 1.0 -1.0 1.0 1.0 -1.0 -1.0 -1.0 1.0 -1.0 1.0  ::: 317.0
 1.0 -1.0 -1.0 1.0 1.0 -1.0 -1.0 -1.0 1.0 1.0 1.0 1.0 -1.0 -1.0 1.0 1.0 -1.0 1.0 -1.0 1.0  ::: 310.0
 -1.0 1.0 1.0 -1.0 -1.0 1.0 1.0 1.0 1.0 -1.0 -1.0 -1.0 -1.0 1.0 -1.0 1.0 1.0 -1.0 1.0 -1.0  ::: 316.0
 1.0 -1.0 1.0 -1.0 1.0 -1.0 -1.0 -1.0 -1.0 1.0 1.0 -1.0 1.0 1.0 1.0 1.0 -1.0 -1.0 -1.0 1.0  ::: 311.0
 1.0 -1.0 -1.0 1.0 1.0 -1.0 -1.0 -1.0 -1.0 1.0 1.0 1.0 1.0 1.0 1.0 1.0 -1.0 1.0 -1.0 1.0  ::: 332.0
 -1.0 1.0 1.0 1.0 -1.0 1.0 1.0 1.0 -1.0 -1.0 -1.0 -1.0 -1.0 1.0 -1.0 -1.0 1.0 -1.0 1.0 -1.0  ::: 316.0
 -1.0 1.0 -1.0 1.0 -1.0 1.0 1.0 1.0 1.0 -1.0 -1.0 1.0 -1.0 -1.0 1.0 -1.0 1.0 -1.0 1.0 -1.0  ::: 322.0
[MAXCUT] CELL 20/20 mc20_5 RW/RWB best=337 mean=320.3 gap=8.49% | elapsed 0:04:34 | ETA 0:00:00
[MAXCUT] STATS todas las celdas completas en 0:04:34; analisis estadistico
/home/andres/Desktop/unet/MHP/statisticc/FriedmanImanHolm.py:496: UserWarning: FigureCanvasAgg is non-interactive, and thus cannot be shown
  plt.show()

:: Instance :: mc20_1
:: Known optimum :: 824.0
:: N. Experiment.:: 10
---------------------------------------------------------------
                        Better      N.Bet.   Mean        S.D.        Gap%      Start%    Delta     
---------------------------------------------------------------
GRASP---GRASPc[20000]   824.0000    10       824.0000    0.0000      -0.00     3.81      3.81      
GA---GAB[20000]         824.0000    10       824.0000    0.0000      -0.00     -         -         
SA---SAB[20000]         814.0000    1        786.3000    13.6825     4.58      -         -         
RW---RWB[20000]         817.0000    1        789.0000    13.6528     4.25      -         -         

:: Instance :: mc20_2
:: Known optimum :: 627.0
:: N. Experiment.:: 10
---------------------------------------------------------------
                        Better      N.Bet.   Mean        S.D.        Gap%      Start%    Delta     
---------------------------------------------------------------
GRASP---GRASPc[20000]   627.0000    10       627.0000    0.0000      -0.00     4.23      4.23      
GA---GAB[20000]         627.0000    1        625.4000    4.8000      0.26      -         -         
SA---SAB[20000]         611.0000    1        598.6000    5.4626      4.53      -         -         
RW---RWB[20000]         624.0000    1        607.0000    6.6030      3.19      -         -         

:: Instance :: mc20_3
:: Known optimum :: 716.0
:: N. Experiment.:: 10
---------------------------------------------------------------
                        Better      N.Bet.   Mean        S.D.        Gap%      Start%    Delta     
---------------------------------------------------------------
GRASP---GRASPc[20000]   716.0000    10       716.0000    0.0000      -0.00     6.16      6.16      
GA---GAB[20000]         716.0000    10       716.0000    0.0000      -0.00     -         -         
SA---SAB[20000]         699.0000    2        685.5000    6.8593      4.26      -         -         
RW---RWB[20000]         693.0000    1        686.0000    6.2769      4.19      -         -         

:: Instance :: mc20_4
:: Known optimum :: 257.0
:: N. Experiment.:: 10
---------------------------------------------------------------
                        Better      N.Bet.   Mean        S.D.        Gap%      Start%    Delta     
---------------------------------------------------------------
GRASP---GRASPc[20000]   257.0000    10       257.0000    0.0000      -0.00     2.45      2.45      
GA---GAB[20000]         257.0000    1        250.8000    6.1612      2.41      -         -         
SA---SAB[20000]         257.0000    1        251.5000    2.5000      2.14      -         -         
RW---RWB[20000]         255.0000    1        249.3000    2.5318      3.00      -         -         

:: Instance :: mc20_5
:: Known optimum :: 350.0
:: N. Experiment.:: 10
---------------------------------------------------------------
                        Better      N.Bet.   Mean        S.D.        Gap%      Start%    Delta     
---------------------------------------------------------------
GRASP---GRASPc[20000]   350.0000    10       350.0000    0.0000      -0.00     -0.00     0.00      
GA---GAB[20000]         350.0000    10       350.0000    0.0000      -0.00     -         -         
SA---SAB[20000]         332.0000    1        320.6000    5.6071      8.40      -         -         
RW---RWB[20000]         337.0000    1        320.3000    8.1247      8.49      -         -         


:: Friedman input matrix :: 5 instancias x 4 series
:: labels :: ['GRASP---GRASPc', 'GA---GAB', 'SA---SAB', 'RW---RWB']

[AVISO] Con menos de 10 instancias el test de Friedman carece
        de potencia estadistica. Resultado solo indicativo.
MAX

Algorithms : 4 --- Instances : 5
-----------------------------------------------

Ranks Matrix   
-----------------------------------------------
[[1.5 1.5 4.  3. ]
 [1.  2.  4.  3. ]
 [1.5 1.5 4.  3. ]
 [1.  3.  2.  4. ]
 [1.5 1.5 3.  4. ]]

Friedman Test
-----------------------------------------------
Friedman value = 10.26
prob Chi-square function = 0.9835
Calculate with degree = 3 and obtain critical value with one sided 
Critical value = 7.8147   alpha = 0.05

Iman-Davenport Test
-----------------------------------------------
Iman-Davenport  = 8.6582
prob F-Function  = 0.9975
Calculate with degree = 3 X 12 and obtain critical value with one 
	sided 
Critical value = 3.4903   alpha = 0.05

Holm Test
-----------------------------------------------
Control Algorithm GRASP---GRASPc
[tenor p value] if tenor > value then there is differences (see @ 
	symbol)
-----------------------------------------------
1 GA---GAB ::: 0.7348 - 0.05 p 0.2312
2 RW---RWB ::: 2.572 - 0.025 p 0.0051 @
3 SA---SAB ::: 2.572 - 0.0167 p 0.0051 @


:: boxplot guardado en :: ./DATA/output/MAXCUT_ranks_boxplot_main.png
[MAXCUT] DONE total 0:04:34
