0 264 455 174 317 367
264 0 343 419 543 206
455 343 0 413 537 549
174 419 413 0 276 529
317 543 537 276 0 749
367 206 549 529 749 0
