# nShips nBerths
30 7
0  0.0  40.0 2.0 12.0 14.0 13.0 11.0 10.0 12.0 15.0
1  2.0  35.0 1.5 9.0  8.0  10.0 7.0  9.0  11.0 8.0
2  5.0  50.0 2.5 15.0 16.0 14.0 13.0 15.0 12.0 14.0
3  7.0  30.0 3.0 8.0  7.0  9.0  6.0  8.0  7.0  9.0
4  10.0 60.0 1.0 20.0 18.0 22.0 19.0 17.0 21.0 18.0
5  12.0 45.0 2.2 11.0 10.0 12.0 9.0  11.0 13.0 10.0
6  15.0 55.0 1.8 14.0 15.0 13.0 12.0 14.0 11.0 13.0
7  18.0 65.0 2.0 16.0 17.0 15.0 14.0 16.0 15.0 14.0
8  20.0 48.0 1.2 10.0 11.0 9.0  8.0  10.0 12.0 9.0
9  22.0 70.0 2.8 18.0 19.0 17.0 16.0 15.0 18.0 17.0
10 25.0 80.0 1.5 22.0 20.0 24.0 21.0 19.0 23.0 20.0
11 28.0 58.0 3.0 13.0 12.0 14.0 11.0 13.0 10.0 12.0
12 30.0 75.0 2.0 17.0 18.0 16.0 15.0 17.0 14.0 16.0
13 32.0 62.0 1.0 12.0 13.0 11.0 10.0 12.0 14.0 11.0
14 35.0 85.0 2.5 19.0 21.0 18.0 17.0 20.0 16.0 19.0
15 38.0 68.0 1.8 11.0 10.0 12.0 9.0  11.0 13.0 10.0
16 40.0 90.0 2.0 21.0 22.0 20.0 19.0 18.0 21.0 20.0
17 42.0 72.0 1.2 14.0 15.0 13.0 12.0 14.0 11.0 13.0
18 45.0 95.0 3.0 23.0 21.0 25.0 22.0 20.0 24.0 21.0
19 48.0 80.0 1.5 15.0 16.0 14.0 13.0 15.0 12.0 14.0
20 50.0 100.0 2.2 20.0 22.0 19.0 18.0 21.0 17.0 20.0
21 52.0 82.0 1.0 13.0 14.0 12.0 11.0 13.0 15.0 12.0
22 55.0 105.0 2.8 24.0 23.0 26.0 22.0 21.0 25.0 23.0
23 58.0 88.0 1.8 12.0 11.0 13.0 10.0 12.0 14.0 11.0
24 60.0 110.0 2.0 22.0 24.0 21.0 20.0 23.0 19.0 22.0
25 62.0 92.0 3.0 16.0 15.0 17.0 14.0 16.0 13.0 15.0
26 65.0 115.0 1.5 25.0 24.0 27.0 23.0 22.0 26.0 24.0
27 68.0 98.0 2.5 14.0 15.0 13.0 12.0 14.0 11.0 13.0
28 70.0 120.0 1.0 21.0 20.0 23.0 19.0 18.0 22.0 20.0
29 75.0 130.0 3.0 26.0 28.0 25.0 24.0 27.0 22.0 26.0