# nShips nBerths
20 5
# id arrival due_date weight h0 h1 h2 h3 h4
0   0.0   30.0   2.0   10.0  12.0  11.0  9.0   10.0
1   3.0   40.0   1.5   14.0  15.0  12.0  16.0  13.0
2   4.0   25.0   2.5   8.0   7.0   9.0   8.0   6.0
3   8.0   50.0   1.0   18.0  16.0  20.0  15.0  17.0
4   10.0  35.0   3.0   11.0  10.0  12.0  9.0   11.0
5   12.0  45.0   1.2   13.0  14.0  11.0  12.0  15.0
6   15.0  60.0   2.0   16.0  18.0  15.0  14.0  16.0
7   17.0  38.0   2.2   9.0   8.0   10.0  9.0   7.0
8   20.0  55.0   1.8   12.0  13.0  11.0  14.0  10.0
9   22.0  70.0   1.0   20.0  22.0  19.0  18.0  21.0
10  25.0  65.0   3.0   15.0  14.0  16.0  13.0  14.0
11  28.0  50.0   2.0   8.0   9.0   7.0   10.0  8.0
12  30.0  75.0   1.5   17.0  16.0  18.0  15.0  16.0
13  33.0  80.0   2.5   19.0  21.0  18.0  17.0  20.0
14  35.0  60.0   1.0   10.0  11.0  9.0   12.0  10.0
15  38.0  85.0   2.8   16.0  15.0  17.0  14.0  15.0
16  40.0  70.0   1.5   11.0  12.0  10.0  13.0  11.0
17  42.0  90.0   3.0   22.0  20.0  23.0  19.0  21.0
18  45.0  78.0   1.8   13.0  14.0  12.0  15.0  13.0
19  50.0  95.0   2.0   15.0  16.0  14.0  13.0  15.0