20
0 0 19 8 0 0 0 14 14 18 18 0 0 0 6 0 5 0 16 4
0 0 0 0 10 18 3 12 17 18 0 0 16 18 10 18 0 0 0 15
19 0 0 0 5 18 0 0 14 19 17 15 10 0 0 0 0 0 7 0
8 0 0 0 0 0 0 0 0 9 0 9 12 0 0 0 0 12 0 0
0 10 5 0 0 15 15 11 0 0 12 20 17 0 15 0 15 4 15 16
0 18 18 0 15 0 0 11 0 0 3 0 3 12 0 0 0 0 16 0
0 3 0 0 15 0 0 0 0 0 6 13 12 0 0 7 14 0 0 0
14 12 0 0 11 11 0 0 6 7 0 0 0 0 4 16 0 4 8 8
14 17 14 0 0 0 0 6 0 0 6 4 0 14 0 0 0 0 0 0
18 18 19 9 0 0 0 7 0 0 17 0 0 0 11 0 0 13 16 0
18 0 17 0 12 3 6 0 6 17 0 4 6 14 0 14 1 8 0 20
0 0 15 9 20 0 13 0 4 0 4 0 0 12 17 8 11 0 0 0
0 16 10 12 17 3 12 0 0 0 6 0 0 13 12 0 0 14 0 9
0 18 0 0 0 12 0 0 14 0 14 12 13 0 7 0 15 0 0 13
6 10 0 0 15 0 0 4 0 11 0 17 12 7 0 18 0 0 0 13
0 18 0 0 0 0 7 16 0 0 14 8 0 0 18 0 10 4 12 16
5 0 0 0 15 0 14 0 0 0 1 11 0 15 0 10 0 0 1 0
0 0 0 12 4 0 0 4 0 13 8 0 14 0 0 4 0 0 0 0
16 0 7 0 15 16 0 8 0 16 0 0 0 0 0 12 1 0 0 8
4 15 0 0 16 0 0 8 0 0 20 0 9 13 13 16 0 0 8 0
