20
0 0 0 4 0 0 0 4 0 0 10 11 0 0 0 0 0 0 14 0
0 0 0 0 14 0 0 0 0 0 0 0 0 0 8 16 0 7 0 0
0 0 0 13 0 0 0 0 0 0 0 0 0 0 0 0 0 0 0 0
4 0 13 0 20 0 0 0 0 0 0 0 0 18 0 0 0 0 0 0
0 14 0 20 0 0 17 5 9 0 0 14 0 0 0 0 0 4 19 0
0 0 0 0 0 0 9 0 0 0 0 0 0 0 0 3 7 1 0 0
0 0 0 0 17 9 0 3 0 0 0 0 0 0 0 15 3 19 13 2
4 0 0 0 5 0 3 0 9 0 0 19 0 0 0 0 20 0 0 2
0 0 0 0 9 0 0 9 0 0 0 0 0 0 0 16 0 0 0 0
0 0 0 0 0 0 0 0 0 0 0 0 0 0 0 6 17 5 0 0
10 0 0 0 0 0 0 0 0 0 0 0 0 17 0 9 0 0 0 0
11 0 0 0 14 0 0 19 0 0 0 0 9 0 12 0 0 0 0 0
0 0 0 0 0 0 0 0 0 0 0 9 0 0 0 0 0 18 4 0
0 0 0 18 0 0 0 0 0 0 17 0 0 0 0 0 0 0 12 0
0 8 0 0 0 0 0 0 0 0 0 12 0 0 0 0 17 0 0 16
0 16 0 0 0 3 15 0 16 6 9 0 0 0 0 0 0 0 0 0
0 0 0 0 0 7 3 20 0 17 0 0 0 0 17 0 0 0 0 6
0 7 0 0 4 1 19 0 0 5 0 0 18 0 0 0 0 0 0 0
14 0 0 0 19 0 13 0 0 0 0 0 4 12 0 0 0 0 0 0
0 0 0 0 0 0 2 2 0 0 0 0 0 0 16 0 6 0 0 0
