20
0 4 0 0 5 13 10 0 10 0 8 0 0 0 7 0 13 2 20 1
4 0 0 18 0 6 15 13 0 14 0 10 0 15 0 0 0 0 20 0
0 0 0 16 0 19 10 0 13 18 0 3 13 1 0 0 0 15 0 18
0 18 16 0 0 0 0 0 0 20 2 2 13 18 9 0 0 0 10 0
5 0 0 0 0 0 6 14 0 0 0 0 0 1 10 20 0 11 13 11
13 6 19 0 0 0 0 20 0 8 15 7 6 0 0 0 0 0 0 0
10 15 10 0 6 0 0 0 11 18 7 0 11 0 13 19 0 8 7 11
0 13 0 0 14 20 0 0 0 4 0 4 3 6 13 0 11 17 0 0
10 0 13 0 0 0 11 0 0 14 0 0 18 12 0 0 0 5 2 0
0 14 18 20 0 8 18 4 14 0 3 14 20 15 9 16 0 0 5 0
8 0 0 2 0 15 7 0 0 3 0 0 0 9 5 0 0 0 0 0
0 10 3 2 0 7 0 4 0 14 0 0 0 0 0 16 0 0 0 1
0 0 13 13 0 6 11 3 18 20 0 0 0 0 0 0 0 1 4 15
0 15 1 18 1 0 0 6 12 15 9 0 0 0 0 0 0 15 0 3
7 0 0 9 10 0 13 13 0 9 5 0 0 0 0 6 0 8 9 0
0 0 0 0 20 0 19 0 0 16 0 16 0 0 6 0 14 0 12 0
13 0 0 0 0 0 0 11 0 0 0 0 0 0 0 14 0 9 0 20
2 0 15 0 11 0 8 17 5 0 0 0 1 15 8 0 9 0 11 0
20 20 0 10 13 0 7 0 2 5 0 0 4 0 9 12 0 11 0 0
1 0 18 0 11 0 11 0 0 0 0 1 15 3 0 0 20 0 0 0
