20
0 0 0 0 0 6 0 8 3 0 0 0 0 0 0 0 0 0 20 0
0 0 0 0 8 0 0 0 0 14 0 1 0 0 0 0 0 11 0 0
0 0 0 0 0 0 0 0 0 0 7 19 0 0 0 0 0 0 0 0
0 0 0 0 0 0 0 0 0 4 0 0 0 14 0 0 0 0 0 0
0 8 0 0 0 0 0 0 8 0 0 0 0 0 0 0 15 0 0 0
6 0 0 0 0 0 0 0 0 17 17 0 4 0 18 0 0 0 0 20
0 0 0 0 0 0 0 0 0 18 16 0 0 0 0 0 0 0 0 0
8 0 0 0 0 0 0 0 0 0 0 0 0 0 4 17 0 0 3 0
3 0 0 0 8 0 0 0 0 0 0 0 0 0 0 0 0 0 0 0
0 14 0 4 0 17 18 0 0 0 0 0 0 0 0 0 0 0 5 0
0 0 7 0 0 17 16 0 0 0 0 0 0 1 0 0 0 0 0 0
0 1 19 0 0 0 0 0 0 0 0 0 0 0 0 0 0 2 0 0
0 0 0 0 0 4 0 0 0 0 0 0 0 0 0 0 20 3 0 5
0 0 0 14 0 0 0 0 0 0 1 0 0 0 0 0 10 0 0 0
0 0 0 0 0 18 0 4 0 0 0 0 0 0 0 0 0 0 0 0
0 0 0 0 0 0 0 17 0 0 0 0 0 0 0 0 0 0 4 0
0 0 0 0 15 0 0 0 0 0 0 0 20 10 0 0 0 11 0 19
0 11 0 0 0 0 0 0 0 0 0 2 3 0 0 0 11 0 12 0
20 0 0 0 0 0 0 3 0 5 0 0 0 0 0 4 0 12 0 0
0 0 0 0 0 20 0 0 0 0 0 0 5 0 0 0 19 0 0 0
