20
0 8 19 9 0 0 0 7 0 0 16 0 0 0 9 13 0 13 11 16
8 0 0 0 1 20 0 0 11 0 0 0 4 0 0 9 0 3 0 0
19 0 0 18 11 16 17 0 10 0 11 1 13 10 0 0 0 1 0 4
9 0 18 0 14 0 0 18 0 0 20 14 0 0 0 0 18 14 0 10
0 1 11 14 0 10 0 0 20 0 10 1 0 0 0 0 6 0 12 3
0 20 16 0 10 0 15 15 11 0 6 0 20 6 15 0 0 0 19 0
0 0 17 0 0 15 0 0 17 14 2 0 7 0 0 10 17 13 18 0
7 0 0 18 0 15 0 0 0 13 3 7 17 0 0 2 19 4 0 0
0 11 10 0 20 11 17 0 0 0 0 6 0 0 3 0 1 7 5 0
0 0 0 0 0 0 14 13 0 0 0 0 0 0 0 6 11 13 3 3
16 0 11 20 10 6 2 3 0 0 0 11 0 0 0 0 0 20 0 0
0 0 1 14 1 0 0 7 6 0 11 0 0 0 0 5 0 0 17 12
0 4 13 0 0 20 7 17 0 0 0 0 0 11 6 0 19 2 0 10
0 0 10 0 0 6 0 0 0 0 0 0 11 0 0 1 14 5 0 5
9 0 0 0 0 15 0 0 3 0 0 0 6 0 0 7 0 0 2 0
13 9 0 0 0 0 10 2 0 6 0 5 0 1 7 0 17 0 0 7
0 0 0 18 6 0 17 19 1 11 0 0 19 14 0 17 0 19 0 0
13 3 1 14 0 0 13 4 7 13 20 0 2 5 0 0 19 0 17 10
11 0 0 0 12 19 18 0 5 3 0 17 0 0 2 0 0 17 0 1
16 0 4 10 3 0 0 0 0 3 0 12 10 5 0 7 0 10 1 0
