20
0 0 0 0 4 0 0 2 0 0 10 17 7 17 0 19 17 6 0 0
0 0 0 0 16 0 0 14 0 0 0 0 5 0 2 0 0 2 0 14
0 0 0 0 0 0 0 0 0 0 3 19 0 11 0 9 1 1 20 0
0 0 0 0 0 0 4 16 7 14 11 7 15 0 17 0 7 0 0 0
4 16 0 0 0 0 0 8 0 0 0 9 0 14 0 1 11 5 16 11
0 0 0 0 0 0 16 0 0 0 0 9 0 0 0 15 13 8 0 18
0 0 0 4 0 16 0 0 4 0 20 20 0 0 10 20 0 9 2 0
2 14 0 16 8 0 0 0 0 0 6 10 13 6 3 0 19 19 18 5
0 0 0 7 0 0 4 0 0 0 0 3 0 0 0 12 14 0 0 0
0 0 0 14 0 0 0 0 0 0 14 0 0 7 10 0 13 0 0 18
10 0 3 11 0 0 20 6 0 14 0 0 0 8 15 6 20 0 0 0
17 0 19 7 9 9 20 10 3 0 0 0 0 7 0 0 0 0 0 0
7 5 0 15 0 0 0 13 0 0 0 0 0 0 17 3 0 5 0 0
17 0 11 0 14 0 0 6 0 7 8 7 0 0 15 0 19 0 13 19
0 2 0 17 0 0 10 3 0 10 15 0 17 15 0 8 8 9 7 11
19 0 9 0 1 15 20 0 12 0 6 0 3 0 8 0 4 0 12 3
17 0 1 7 11 13 0 19 14 13 20 0 0 19 8 4 0 0 0 0
6 2 1 0 5 8 9 19 0 0 0 0 5 0 9 0 0 0 6 0
0 0 20 0 16 0 2 18 0 0 0 0 0 13 7 12 0 6 0 20
0 14 0 0 11 18 0 5 0 18 0 0 0 19 11 3 0 0 20 0
