20
0 0 0 0 0 0 0 0 0 16 0 9 3 0 0 0 0 0 0 0
0 0 0 0 0 0 0 0 0 0 17 0 0 0 0 10 2 0 15 0
0 0 0 0 0 5 0 0 0 1 0 0 12 0 0 0 0 0 5 1
0 0 0 0 0 0 0 0 0 0 0 2 8 6 0 0 0 0 0 0
0 0 0 0 0 0 0 0 0 0 0 0 0 0 0 19 0 0 0 0
0 0 5 0 0 0 0 0 13 0 0 0 0 0 15 17 0 0 0 0
0 0 0 0 0 0 0 0 0 0 0 0 0 0 0 0 5 0 0 0
0 0 0 0 0 0 0 0 0 0 0 0 0 0 0 0 12 0 0 0
0 0 0 0 0 13 0 0 0 3 12 12 0 0 0 16 0 0 0 8
16 0 1 0 0 0 0 0 3 0 0 0 0 16 0 0 0 0 0 0
0 17 0 0 0 0 0 0 12 0 0 0 0 0 0 0 0 0 0 0
9 0 0 2 0 0 0 0 12 0 0 0 9 0 0 16 0 0 6 0
3 0 12 8 0 0 0 0 0 0 0 9 0 0 0 0 0 0 0 0
0 0 0 6 0 0 0 0 0 16 0 0 0 0 0 0 0 0 0 0
0 0 0 0 0 15 0 0 0 0 0 0 0 0 0 0 0 0 0 0
0 10 0 0 19 17 0 0 16 0 0 16 0 0 0 0 0 0 3 0
0 2 0 0 0 0 5 12 0 0 0 0 0 0 0 0 0 0 0 0
0 0 0 0 0 0 0 0 0 0 0 0 0 0 0 0 0 0 0 0
0 15 5 0 0 0 0 0 0 0 0 6 0 0 0 3 0 0 0 2
0 0 1 0 0 0 0 0 8 0 0 0 0 0 0 0 0 0 2 0
