20
0 0 0 0 10 0 0 13 0 0 0 0 0 0 0 0 0 0 10 0
0 0 0 0 13 0 0 0 0 0 0 0 0 0 0 0 0 0 0 0
0 0 0 0 0 0 14 0 10 0 0 0 0 0 6 0 0 0 0 0
0 0 0 0 0 0 0 0 0 0 0 0 19 0 0 0 0 1 0 0
10 13 0 0 0 0 16 0 0 0 1 0 0 0 0 0 0 13 0 12
0 0 0 0 0 0 0 8 0 0 0 0 0 0 13 0 0 0 0 0
0 0 14 0 16 0 0 0 3 0 0 0 0 0 0 0 15 0 0 0
13 0 0 0 0 8 0 0 0 0 0 0 0 0 0 0 6 0 0 0
0 0 10 0 0 0 3 0 0 0 0 0 4 16 0 0 0 0 0 0
0 0 0 0 0 0 0 0 0 0 0 0 0 0 0 0 0 0 0 0
0 0 0 0 1 0 0 0 0 0 0 7 0 0 0 0 0 0 0 0
0 0 0 0 0 0 0 0 0 0 7 0 0 0 0 0 0 0 0 0
0 0 0 19 0 0 0 0 4 0 0 0 0 0 19 0 3 0 0 0
0 0 0 0 0 0 0 0 16 0 0 0 0 0 14 0 7 0 0 17
0 0 6 0 0 13 0 0 0 0 0 0 19 14 0 2 0 16 0 0
0 0 0 0 0 0 0 0 0 0 0 0 0 0 2 0 0 3 0 0
0 0 0 0 0 0 15 6 0 0 0 0 3 7 0 0 0 0 0 0
0 0 0 1 13 0 0 0 0 0 0 0 0 0 16 3 0 0 0 0
10 0 0 0 0 0 0 0 0 0 0 0 0 0 0 0 0 0 0 0
0 0 0 0 12 0 0 0 0 0 0 0 0 17 0 0 0 0 0 0
