20
0 0 10 12 10 8 0 0 12 0 6 0 0 14 0 12 10 4 0 15
0 0 0 19 5 0 8 0 0 4 0 0 14 0 15 0 14 0 20 7
10 0 0 1 0 0 13 0 9 0 11 12 2 14 6 0 0 10 0 13
12 19 1 0 16 0 0 0 0 0 10 3 11 12 8 0 0 12 0 5
10 5 0 16 0 11 18 0 0 0 1 0 15 0 0 8 16 0 0 0
8 0 0 0 11 0 7 0 0 9 0 0 13 11 9 6 0 1 0 0
0 8 13 0 18 7 0 18 14 1 9 8 14 18 0 0 0 0 0 0
0 0 0 0 0 0 18 0 17 13 0 13 14 0 8 5 5 0 0 13
12 0 9 0 0 0 14 17 0 0 13 8 0 0 0 19 0 0 0 0
0 4 0 0 0 9 1 13 0 0 0 0 0 3 12 5 3 0 0 1
6 0 11 10 1 0 9 0 13 0 0 12 0 0 15 10 0 0 20 0
0 0 12 3 0 0 8 13 8 0 12 0 0 20 7 0 8 0 0 13
0 14 2 11 15 13 14 14 0 0 0 0 0 11 0 0 0 0 16 0
14 0 14 12 0 11 18 0 0 3 0 20 11 0 19 0 13 13 0 6
0 15 6 8 0 9 0 8 0 12 15 7 0 19 0 5 12 12 4 11
12 0 0 0 8 6 0 5 19 5 10 0 0 0 5 0 8 3 0 0
10 14 0 0 16 0 0 5 0 3 0 8 0 13 12 8 0 5 8 0
4 0 10 12 0 1 0 0 0 0 0 0 0 13 12 3 5 0 0 11
0 20 0 0 0 0 0 0 0 0 20 0 16 0 4 0 8 0 0 12
15 7 13 5 0 0 0 13 0 1 0 13 0 6 11 0 0 11 12 0
