20
0 0 0 0 2 0 7 0 0 17 7 20 0 0 0 0 0 0 9 18
0 0 13 3 11 0 0 0 8 5 20 14 10 0 1 20 0 0 0 0
0 13 0 18 0 0 0 13 12 12 7 0 12 0 0 0 0 20 8 5
0 3 18 0 9 20 0 10 0 18 0 0 0 0 12 0 0 4 0 0
2 11 0 9 0 0 20 9 20 18 0 9 16 17 1 0 0 2 0 11
0 0 0 20 0 0 0 0 19 0 0 11 0 12 0 16 17 17 0 0
7 0 0 0 20 0 0 0 0 4 4 8 0 0 7 2 20 0 0 0
0 0 13 10 9 0 0 0 0 0 0 19 18 0 5 0 0 9 0 0
0 8 12 0 20 19 0 0 0 0 0 0 13 8 10 0 0 5 0 4
17 5 12 18 18 0 4 0 0 0 0 12 0 5 0 13 14 0 0 0
7 20 7 0 0 0 4 0 0 0 0 9 0 0 0 0 0 4 1 15
20 14 0 0 9 11 8 19 0 12 9 0 5 0 7 12 0 10 0 0
0 10 12 0 16 0 0 18 13 0 0 5 0 0 0 0 7 0 5 0
0 0 0 0 17 12 0 0 8 5 0 0 0 0 0 17 17 7 0 0
0 1 0 12 1 0 7 5 10 0 0 7 0 0 0 14 0 18 0 0
0 20 0 0 0 16 2 0 0 13 0 12 0 17 14 0 12 0 0 12
0 0 0 0 0 17 20 0 0 14 0 0 7 17 0 12 0 0 0 0
0 0 20 4 2 17 0 9 5 0 4 10 0 7 18 0 0 0 0 2
9 0 8 0 0 0 0 0 0 0 1 0 5 0 0 0 0 0 0 0
18 0 5 0 11 0 0 0 4 0 15 0 0 0 0 12 0 2 0 0
