20
0 16 0 10 9 19 16 0 19 0 0 18 0 0 0 0 0 0 3 0
16 0 20 0 8 0 0 16 10 20 18 18 14 0 13 1 15 0 0 10
0 20 0 7 0 4 0 10 0 0 1 7 2 1 17 13 15 3 0 12
10 0 7 0 0 14 2 19 15 0 5 7 0 0 19 9 0 3 2 4
9 8 0 0 0 0 0 0 0 0 0 17 0 14 0 0 0 9 13 0
19 0 4 14 0 0 4 18 8 0 0 1 10 0 1 1 0 0 10 13
16 0 0 2 0 4 0 5 7 0 2 0 0 0 0 2 0 0 16 10
0 16 10 19 0 18 5 0 0 0 0 0 2 16 1 8 11 0 13 0
19 10 0 15 0 8 7 0 0 19 15 0 14 0 0 12 0 13 0 7
0 20 0 0 0 0 0 0 19 0 12 0 0 0 0 16 0 10 15 14
0 18 1 5 0 0 2 0 15 12 0 0 0 0 0 18 0 6 0 0
18 18 7 7 17 1 0 0 0 0 0 0 0 12 0 11 18 15 13 6
0 14 2 0 0 10 0 2 14 0 0 0 0 18 0 6 11 18 0 11
0 0 1 0 14 0 0 16 0 0 0 12 18 0 19 2 0 15 0 20
0 13 17 19 0 1 0 1 0 0 0 0 0 19 0 2 0 0 5 2
0 1 13 9 0 1 2 8 12 16 18 11 6 2 2 0 0 18 11 0
0 15 15 0 0 0 0 11 0 0 0 18 11 0 0 0 0 15 5 0
0 0 3 3 9 0 0 0 13 10 6 15 18 15 0 18 15 0 8 5
3 0 0 2 13 10 16 13 0 15 0 13 0 0 5 11 5 8 0 5
0 10 12 4 0 13 10 0 7 14 0 6 11 20 2 0 0 5 5 0
