20
0 0 0 17 19 6 17 0 18 0 16 0 3 10 19 5 0 10 0 0
0 0 0 0 10 7 0 20 0 0 0 0 15 11 10 0 0 13 0 0
0 0 0 0 0 11 0 0 17 0 10 0 0 0 2 19 0 0 0 1
17 0 0 0 14 0 0 13 7 18 0 10 0 0 0 0 14 0 18 17
19 10 0 14 0 0 3 8 0 12 8 12 9 0 1 0 15 0 0 0
6 7 11 0 0 0 20 11 0 3 6 19 0 16 2 0 9 0 0 0
17 0 0 0 3 20 0 6 9 1 5 15 0 0 0 0 0 0 0 0
0 20 0 13 8 11 6 0 0 7 12 5 0 0 18 0 16 0 15 0
18 0 17 7 0 0 9 0 0 6 0 19 8 0 20 0 0 0 20 14
0 0 0 18 12 3 1 7 6 0 19 0 0 18 13 15 11 12 20 0
16 0 10 0 8 6 5 12 0 19 0 15 0 5 9 20 0 0 0 0
0 0 0 10 12 19 15 5 19 0 15 0 19 16 10 8 8 0 5 0
3 15 0 0 9 0 0 0 8 0 0 19 0 0 0 0 0 7 16 18
10 11 0 0 0 16 0 0 0 18 5 16 0 0 0 0 0 0 20 8
19 10 2 0 1 2 0 18 20 13 9 10 0 0 0 0 14 0 14 11
5 0 19 0 0 0 0 0 0 15 20 8 0 0 0 0 0 9 3 15
0 0 0 14 15 9 0 16 0 11 0 8 0 0 14 0 0 0 4 0
10 13 0 0 0 0 0 0 0 12 0 0 7 0 0 9 0 0 0 0
0 0 0 18 0 0 0 15 20 20 0 5 16 20 14 3 4 0 0 0
0 0 1 17 0 0 0 0 14 0 0 0 18 8 11 15 0 0 0 0
