20
0 0 16 17 0 9 0 14 0 0 15 0 0 0 12 0 8 19 0 3
0 0 0 20 17 13 0 3 0 0 5 10 3 15 0 0 13 10 10 0
16 0 0 16 13 7 0 0 0 0 16 0 0 1 0 6 0 0 5 17
17 20 16 0 0 0 8 7 20 0 0 14 0 11 4 0 15 13 17 10
0 17 13 0 0 17 0 15 0 16 0 0 9 17 0 8 9 0 3 7
9 13 7 0 17 0 0 6 7 17 14 0 0 5 2 0 0 13 8 9
0 0 0 8 0 0 0 0 0 15 0 15 0 0 0 5 0 0 0 4
14 3 0 7 15 6 0 0 0 0 18 18 17 2 17 1 0 8 0 5
0 0 0 20 0 7 0 0 0 14 0 3 0 7 0 18 16 8 0 16
0 0 0 0 16 17 15 0 14 0 0 10 13 0 20 0 0 7 0 5
15 5 16 0 0 14 0 18 0 0 0 0 12 14 3 3 12 0 19 0
0 10 0 14 0 0 15 18 3 10 0 0 16 3 8 0 17 0 9 0
0 3 0 0 9 0 0 17 0 13 12 16 0 20 20 0 10 5 0 7
0 15 1 11 17 5 0 2 7 0 14 3 20 0 0 8 17 0 20 11
12 0 0 4 0 2 0 17 0 20 3 8 20 0 0 0 8 14 0 0
0 0 6 0 8 0 5 1 18 0 3 0 0 8 0 0 5 1 0 5
8 13 0 15 9 0 0 0 16 0 12 17 10 17 8 5 0 18 1 19
19 10 0 13 0 13 0 8 8 7 0 0 5 0 14 1 18 0 10 0
0 10 5 17 3 8 0 0 0 0 19 9 0 20 0 0 1 10 0 15
3 0 17 10 7 9 4 5 16 5 0 0 7 11 0 5 19 0 15 0
