20
0 0 0 5 0 11 14 0 0 0 0 0 20 13 0 17 0 5 0 0
0 0 10 0 0 0 0 0 6 0 0 0 0 0 0 3 0 0 0 0
0 10 0 0 18 0 0 9 0 0 0 0 4 0 0 5 0 12 0 0
5 0 0 0 0 0 0 0 11 0 11 10 5 0 0 0 0 0 0 0
0 0 18 0 0 0 0 0 0 0 0 0 0 0 0 0 0 0 0 0
11 0 0 0 0 0 0 0 0 0 0 0 0 11 0 0 12 5 0 0
14 0 0 0 0 0 0 0 0 16 0 0 0 0 0 0 12 0 0 0
0 0 9 0 0 0 0 0 0 0 0 3 0 8 8 0 0 0 0 10
0 6 0 11 0 0 0 0 0 2 0 0 0 0 12 0 0 0 0 0
0 0 0 0 0 0 16 0 2 0 2 2 16 0 0 0 0 0 0 5
0 0 0 11 0 0 0 0 0 2 0 0 0 0 0 0 0 0 0 6
0 0 0 10 0 0 0 3 0 2 0 0 19 0 0 0 0 11 0 0
20 0 4 5 0 0 0 0 0 16 0 19 0 16 0 0 0 0 0 0
13 0 0 0 0 11 0 8 0 0 0 0 16 0 0 0 0 0 0 4
0 0 0 0 0 0 0 8 12 0 0 0 0 0 0 0 0 0 0 0
17 3 5 0 0 0 0 0 0 0 0 0 0 0 0 0 0 0 0 0
0 0 0 0 0 12 12 0 0 0 0 0 0 0 0 0 0 13 0 0
5 0 12 0 0 5 0 0 0 0 0 11 0 0 0 0 13 0 19 0
0 0 0 0 0 0 0 0 0 0 0 0 0 0 0 0 0 19 0 0
0 0 0 0 0 0 0 10 0 5 6 0 0 4 0 0 0 0 0 0
