20
0 0 0 5 0 1 0 14 0 0 0 0 0 10 0 9 0 0 5 0
0 0 12 0 0 20 0 2 17 0 6 5 4 6 14 7 17 18 0 12
0 12 0 0 1 0 0 0 0 10 18 0 0 2 0 0 15 14 6 2
5 0 0 0 14 15 20 11 9 7 6 11 0 0 6 3 13 0 16 0
0 0 1 14 0 0 0 0 0 0 19 18 12 1 0 14 19 12 0 0
1 20 0 15 0 0 13 0 0 0 0 0 5 18 0 0 0 0 13 0
0 0 0 20 0 13 0 0 0 0 8 20 0 14 12 0 12 0 0 0
14 2 0 11 0 0 0 0 19 3 8 0 15 15 0 3 0 6 0 0
0 17 0 9 0 0 0 19 0 8 10 0 10 17 0 14 11 0 15 20
0 0 10 7 0 0 0 3 8 0 1 0 0 13 5 0 0 11 0 15
0 6 18 6 19 0 8 8 10 1 0 7 0 8 0 0 5 0 0 0
0 5 0 11 18 0 20 0 0 0 7 0 0 16 0 14 0 10 0 0
0 4 0 0 12 5 0 15 10 0 0 0 0 20 0 0 2 0 0 0
10 6 2 0 1 18 14 15 17 13 8 16 20 0 13 0 0 0 8 7
0 14 0 6 0 0 12 0 0 5 0 0 0 13 0 0 0 11 0 0
9 7 0 3 14 0 0 3 14 0 0 14 0 0 0 0 19 18 0 11
0 17 15 13 19 0 12 0 11 0 5 0 2 0 0 19 0 0 15 0
0 18 14 0 12 0 0 6 0 11 0 10 0 0 11 18 0 0 8 0
5 0 6 16 0 13 0 0 15 0 0 0 0 8 0 0 15 8 0 0
0 12 2 0 0 0 0 0 20 15 0 0 0 7 0 11 0 0 0 0
