20
0 0 0 0 0 0 0 0 0 0 0 0 1 0 0 0 0 0 0 0
0 0 0 0 0 0 0 13 1 18 18 0 0 0 0 0 0 19 0 0
0 0 0 17 4 0 0 0 0 0 0 0 0 0 15 5 0 0 0 0
0 0 17 0 0 0 0 0 0 1 0 0 0 18 17 19 20 0 0 0
0 0 4 0 0 0 0 20 0 0 0 0 0 0 0 0 0 7 0 0
0 0 0 0 0 0 0 8 0 0 12 5 18 6 0 0 7 0 11 0
0 0 0 0 0 0 0 0 20 0 20 0 0 4 0 0 14 0 0 0
0 13 0 0 20 8 0 0 0 13 0 5 5 0 0 0 0 0 0 0
0 1 0 0 0 0 20 0 0 0 2 17 0 0 0 0 0 0 0 0
0 18 0 1 0 0 0 13 0 0 4 0 0 0 1 0 0 7 0 0
0 18 0 0 0 12 20 0 2 4 0 0 0 0 0 0 20 0 0 0
0 0 0 0 0 5 0 5 17 0 0 0 0 0 16 0 9 0 0 0
1 0 0 0 0 18 0 5 0 0 0 0 0 0 0 0 0 18 0 0
0 0 0 18 0 6 4 0 0 0 0 0 0 0 10 0 0 5 18 0
0 0 15 17 0 0 0 0 0 1 0 16 0 10 0 6 0 0 0 0
0 0 5 19 0 0 0 0 0 0 0 0 0 0 6 0 0 0 0 0
0 0 0 20 0 7 14 0 0 0 20 9 0 0 0 0 0 0 19 0
0 19 0 0 7 0 0 0 0 7 0 0 18 5 0 0 0 0 0 0
0 0 0 0 0 11 0 0 0 0 0 0 0 18 0 0 19 0 0 0
0 0 0 0 0 0 0 0 0 0 0 0 0 0 0 0 0 0 0 0
