20
0 0 0 11 0 7 0 0 3 17 0 5 0 0 0 14 0 0 0 0
0 0 0 0 18 0 0 0 0 8 0 0 0 6 0 0 0 0 0 20
0 0 0 0 0 0 2 0 19 0 0 0 0 0 0 0 0 0 10 5
11 0 0 0 0 0 0 0 0 5 0 0 0 4 6 0 18 0 0 10
0 18 0 0 0 0 11 0 0 0 0 0 0 0 3 0 0 0 0 0
7 0 0 0 0 0 0 0 0 0 0 0 0 0 0 0 0 0 0 0
0 0 2 0 11 0 0 0 0 0 0 0 0 0 0 0 0 0 17 0
0 0 0 0 0 0 0 0 0 0 0 11 0 0 0 0 0 0 0 0
3 0 19 0 0 0 0 0 0 0 0 0 17 18 0 0 0 0 0 12
17 8 0 5 0 0 0 0 0 0 0 0 0 15 0 0 0 13 14 0
0 0 0 0 0 0 0 0 0 0 0 0 0 16 15 8 6 15 0 0
5 0 0 0 0 0 0 11 0 0 0 0 3 6 0 0 0 0 0 0
0 0 0 0 0 0 0 0 17 0 0 3 0 0 12 0 18 0 7 2
0 6 0 4 0 0 0 0 18 15 16 6 0 0 0 0 0 12 12 0
0 0 0 6 3 0 0 0 0 0 15 0 12 0 0 6 12 4 0 0
14 0 0 0 0 0 0 0 0 0 8 0 0 0 6 0 7 17 0 13
0 0 0 18 0 0 0 0 0 0 6 0 18 0 12 7 0 15 0 3
0 0 0 0 0 0 0 0 0 13 15 0 0 12 4 17 15 0 17 0
0 0 10 0 0 0 17 0 0 14 0 0 7 12 0 0 0 17 0 9
0 20 5 10 0 0 0 0 12 0 0 0 2 0 0 13 3 0 9 0
