20
0 3 0 6 0 0 18 2 0 0 15 0 9 0 0 0 1 4 0 0
3 0 0 19 19 0 10 3 0 0 0 0 12 0 0 11 0 0 0 2
0 0 0 14 0 6 3 0 6 0 18 0 0 0 8 4 16 13 18 17
6 19 14 0 11 0 0 0 0 0 0 0 0 10 0 0 16 0 0 6
0 19 0 11 0 10 0 1 11 20 5 1 16 11 20 5 6 13 0 0
0 0 6 0 10 0 14 0 0 5 2 0 0 0 0 10 0 0 3 0
18 10 3 0 0 14 0 6 12 0 0 0 17 0 0 0 8 0 0 18
2 3 0 0 1 0 6 0 0 11 3 0 0 9 6 0 3 0 20 0
0 0 6 0 11 0 12 0 0 8 14 17 0 0 0 12 19 0 0 0
0 0 0 0 20 5 0 11 8 0 0 0 8 12 9 0 0 4 0 11
15 0 18 0 5 2 0 3 14 0 0 0 0 0 6 4 0 0 14 0
0 0 0 0 1 0 0 0 17 0 0 0 0 16 0 13 0 2 0 4
9 12 0 0 16 0 17 0 0 8 0 0 0 0 10 11 8 10 0 0
0 0 0 10 11 0 0 9 0 12 0 16 0 0 4 0 2 0 14 1
0 0 8 0 20 0 0 6 0 9 6 0 10 4 0 0 18 12 0 0
0 11 4 0 5 10 0 0 12 0 4 13 11 0 0 0 0 0 9 0
1 0 16 16 6 0 8 3 19 0 0 0 8 2 18 0 0 9 5 7
4 0 13 0 13 0 0 0 0 4 0 2 10 0 12 0 9 0 8 11
0 0 18 0 0 3 0 20 0 0 14 0 0 14 0 9 5 8 0 0
0 2 17 6 0 0 18 0 0 11 0 4 0 1 0 0 7 11 0 0
