20
0 0 0 0 20 0 0 0 0 20 0 0 0 0 0 13 0 0 0 15
0 0 0 0 2 19 0 0 0 0 0 0 0 0 0 0 0 3 0 4
0 0 0 18 0 0 0 0 0 4 14 0 0 0 0 0 0 0 0 0
0 0 18 0 0 0 0 0 0 0 0 0 0 0 0 0 3 0 0 0
20 2 0 0 0 0 0 0 10 0 11 0 4 0 1 0 7 0 0 0
0 19 0 0 0 0 0 0 0 0 0 0 0 0 0 13 10 0 0 0
0 0 0 0 0 0 0 0 0 0 0 16 0 0 0 0 3 0 0 0
0 0 0 0 0 0 0 0 0 0 0 20 11 1 0 0 0 0 0 0
0 0 0 0 10 0 0 0 0 3 7 20 5 0 0 0 0 0 14 9
20 0 4 0 0 0 0 0 3 0 0 20 0 0 0 6 0 0 0 0
0 0 14 0 11 0 0 0 7 0 0 0 0 0 0 0 0 0 0 0
0 0 0 0 0 0 16 20 20 20 0 0 16 18 0 13 0 12 0 3
0 0 0 0 4 0 0 11 5 0 0 16 0 0 0 17 0 0 0 0
0 0 0 0 0 0 0 1 0 0 0 18 0 0 0 0 0 0 0 0
0 0 0 0 1 0 0 0 0 0 0 0 0 0 0 0 18 0 0 0
13 0 0 0 0 13 0 0 0 6 0 13 17 0 0 0 0 0 0 0
0 0 0 3 7 10 3 0 0 0 0 0 0 0 18 0 0 0 0 0
0 3 0 0 0 0 0 0 0 0 0 12 0 0 0 0 0 0 0 0
0 0 0 0 0 0 0 0 14 0 0 0 0 0 0 0 0 0 0 19
15 4 0 0 0 0 0 0 9 0 0 3 0 0 0 0 0 0 19 0
