20
0 0 0 0 0 0 0 0 0 11 0 0 10 18 0 0 0 0 0 0
0 0 17 0 0 9 0 0 0 0 0 0 4 0 2 0 0 0 8 0
0 17 0 0 0 1 0 0 0 0 0 0 0 0 0 0 0 8 0 0
0 0 0 0 8 6 0 0 0 18 0 0 0 0 0 0 0 15 11 7
0 0 0 8 0 0 0 0 0 0 0 0 0 0 0 12 0 0 0 0
0 9 1 6 0 0 0 0 0 0 0 9 0 0 0 16 0 0 0 0
0 0 0 0 0 0 0 1 0 0 10 0 0 0 0 0 0 0 0 0
0 0 0 0 0 0 1 0 17 9 0 2 0 0 0 0 0 0 0 8
0 0 0 0 0 0 0 17 0 1 0 0 0 0 0 0 0 0 0 0
11 0 0 18 0 0 0 9 1 0 0 0 0 0 0 0 13 0 0 0
0 0 0 0 0 0 10 0 0 0 0 0 5 18 0 0 0 0 0 0
0 0 0 0 0 9 0 2 0 0 0 0 16 2 16 17 0 0 0 0
10 4 0 0 0 0 0 0 0 0 5 16 0 18 0 0 16 0 0 0
18 0 0 0 0 0 0 0 0 0 18 2 18 0 0 0 0 0 0 0
0 2 0 0 0 0 0 0 0 0 0 16 0 0 0 0 0 9 0 14
0 0 0 0 12 16 0 0 0 0 0 17 0 0 0 0 2 0 0 8
0 0 0 0 0 0 0 0 0 13 0 0 16 0 0 2 0 2 0 0
0 0 8 15 0 0 0 0 0 0 0 0 0 0 9 0 2 0 0 0
0 8 0 11 0 0 0 0 0 0 0 0 0 0 0 0 0 0 0 0
0 0 0 7 0 0 0 8 0 0 0 0 0 0 14 8 0 0 0 0
